SECTION 1----------------------------------------------------------------------------------------------------------------------------------------------------------------------------------------------------------------------------------------------------------------------------------------------------------------------------------------------------------------------------------------------------------------------------------------------------------------------------------------------------------------------------------------------------------------------------------------------------------------------------------------------------------------------------------------------------------------------------------------------------------------------------------------------------------------------------------------------------------------------------------------------------------------------------------------------------------------------------------------------------------------------------------------

HEADER
7c 00 01 00

METADATA                                    # COORDINATES   COORDINATES
08 00 00                                    08 00           76 06 23 02 f8 06 5a 02 e8 06 79 02 84 06 86 02 53 06 85 02 2f 06 63 02 5c 06 4f 02 5d 06 3f 02

SECTION 2----------------------------------------------------------------------------------------------------------------------------------------------------------------------------------------------------------------------------------------------------------------------------------------------------------------------------------------------------------------------------------------------------------------------------------------------------------------------------------------------------------------------------------------------------------------------------------------------------------------------------------------------------------------------------------------------------------------------------------------------------------------------------------------------------------------------------------------------------------------------------------------------------------------------------------------------------------------------------------------------------------------------------------------

HEADER
79 00 01 00

METADATA                                    # COORDINATES   COORDINATES
08 00 00                                    14 00           a3 06 44 00 fc 06 42 00 12 07 56 00 0c 07 64 00 13 07 6d 00 0d 07 75 00 1c 07 82 00 23 07 73 00 5b 07 82 00 8a 07 66 00 9a 07 71 00 bb 07 64 00 d5 07 68 00 cd 07 81 00 8e 07 77 00 93 07 90 00 6d 07 85 00 50 07 90 00 27 07 93 00 08 07 87 00

SECTION 3----------------------------------------------------------------------------------------------------------------------------------------------------------------------------------------------------------------------------------------------------------------------------------------------------------------------------------------------------------------------------------------------------------------------------------------------------------------------------------------------------------------------------------------------------------------------------------------------------------------------------------------------------------------------------------------------------------------------------------------------------------------------------------------------------------------------------------------------------------------------------------------------------------------------------------------------------------------------------------------------------------------------------------------

HEADER
ff ff 1f 00

METADATA                                    # COORDINATES   COORDINATES
01 00 00 80 3f 00 00 80 3f 64 00 00 00 00   04 00           97 00 00 00 c7 00 00 00 11 01 1d 00 fc 00 2c 00
01 00 00 80 3f 00 00 80 3f 64 00 00 00 00   06 00           20 02 74 00 5b 02 8d 00 76 02 ac 00 27 03 fe 00 0d 03 0c 01 ff 01 8d 00
01 00 00 80 3f 00 00 80 3f 64 00 00 00 00   04 00           7c 03 1d 01 54 04 7b 01 3a 04 8f 01 62 03 2c 01
01 00 00 80 3f 00 00 80 3f 64 00 00 00 00   04 00           3e 06 a7 01 92 06 79 01 ac 06 8d 01 58 06 b4 01
01 00 00 80 3f 00 00 80 3f 64 00 00 00 00   05 00           49 02 c7 02 62 02 d5 02 f1 02 19 03 dd 02 2b 03 33 02 d8 02
06 00 00 80 3f 00 00 80 3f 64 00 00 00 00   04 00           03 06 25 02 2a 06 15 02 4e 06 1d 02 40 06 28 02
06 00 00 80 3f 00 00 80 3f 64 00 00 00 00   04 00           52 06 48 01 5f 06 34 01 73 06 30 01 75 06 4d 01
06 00 00 80 3f 00 00 80 3f 64 00 00 00 00   06 00           bf 06 58 01 e0 06 4e 01 f4 06 56 01 ff 06 75 01 de 06 87 01 be 06 76 01
05 00 00 80 3f 00 00 80 3f 64 00 00 00 00   21 00           a7 04 00 00 c1 04 1e 00 ea 04 27 00 f9 04 6a 00 1e 05 7a 00 29 05 a5 00 4d 05 db 00 a9 05 f3 00 be 05 fc 00 c8 05 f8 00 e2 05 04 01 f9 05 08 01 39 06 30 01 1a 06 46 01 33 06 56 01 3e 06 4f 01 4b 06 50 01 59 06 49 01 75 06 86 01 4f 06 9a 01 2e 06 8c 01 28 06 6e 01 1b 06 60 01 1c 06 50 01 f9 05 2e 01 fa 05 1c 01 e9 05 0b 01 d6 05 0f 01 f8 05 24 01 f6 05 2f 01 35 05 f4 00 d0 04 80 00 74 04 00 00
05 00 00 80 3f 00 00 80 3f 64 00 00 00 00   1b 00           88 06 a3 01 9f 06 a9 01 ac 06 b9 01 c1 06 c4 01 dc 06 cd 01 e7 06 ee 01 fa 06 12 02 1b 07 19 02 0f 07 2f 02 38 07 48 02 3f 07 62 02 33 07 75 02 24 07 8d 02 31 07 9c 02 41 07 9f 02 50 07 be 02 79 07 ec 02 90 07 14 03 91 07 24 03 50 07 05 03 4f 07 e3 02 36 07 d8 02 07 07 a0 02 0f 07 68 02 04 07 4b 02 e9 06 1f 02 67 06 b3 01
05 00 00 80 3f 00 00 80 3f 64 00 00 00 00   13 00           39 07 4e 03 5b 07 5b 03 5b 07 83 03 80 07 b3 03 83 07 05 04 82 07 29 04 a2 07 3f 04 78 07 3e 04 69 07 20 04 70 07 e6 03 6b 07 b6 03 4a 07 9e 03 3d 07 ba 03 45 07 cf 03 6c 07 fa 03 67 07 20 04 20 07 bb 03 28 07 75 03 3b 07 6f 03
03 00 00 80 3f 00 00 80 3f 64 00 00 00 00   08 00           56 05 02 00 96 05 01 00 98 05 1d 00 7e 05 18 00 6a 05 27 00 91 05 33 00 6e 05 42 00 4f 05 39 00
03 00 00 80 3f 00 00 80 3f 64 00 00 00 00   0b 00           35 05 3e 00 2e 05 5a 00 3b 05 83 00 47 05 9a 00 59 05 c0 00 b1 05 d3 00 60 06 17 01 61 06 26 01 a6 05 de 00 4d 05 cf 00 13 05 4b 00
03 00 00 80 3f 00 00 80 3f 64 00 00 00 00   09 00           4a 05 85 00 60 05 8d 00 6a 05 a9 00 10 06 d6 00 6b 06 f7 00 68 06 0b 01 1f 06 f7 00 f6 05 d9 00 67 05 b1 00
03 00 00 80 3f 00 00 80 3f 64 00 00 00 00   08 00           c1 06 2d 01 8a 06 1f 01 75 06 36 01 7d 06 76 01 98 06 78 01 97 06 39 01 c2 06 4f 01 e2 06 41 01
03 00 00 80 3f 00 00 80 3f 64 00 00 00 00   1c 00           17 07 4b 01 20 07 67 01 1c 07 77 01 3c 07 6e 01 62 07 d1 01 a9 07 cc 01 b4 07 ba 01 b4 07 aa 01 d4 07 aa 01 df 07 8d 01 d8 07 83 01 0c 08 66 01 3f 08 7f 01 3f 08 fb 01 fa 07 d7 01 aa 07 e1 01 b9 07 f3 01 f0 07 00 02 11 08 f7 01 35 08 0c 02 3e 08 20 02 8d 07 9f 02 9f 07 6f 02 66 07 1b 02 fe 06 b3 01 da 06 8c 01 04 07 70 01 f9 06 53 01
03 00 00 80 3f 00 00 80 3f 64 00 00 00 00   0d 00           4a 07 42 02 6e 07 51 02 7d 07 64 02 7a 07 85 02 6c 07 9e 02 6d 07 b6 02 8d 07 da 02 a1 07 e4 02 a1 07 1f 03 95 07 1a 03 80 07 e1 02 4e 07 b1 02 37 07 85 02
03 00 00 80 3f 00 00 80 3f 64 00 00 00 00   05 00           c3 07 09 01 ea 07 04 01 e8 07 1a 01 cf 07 24 01 8a 07 28 01
03 00 00 80 3f 00 00 80 3f 64 00 00 00 00   08 00           f3 05 fa 01 05 06 ea 01 1e 06 eb 01 22 06 d8 01 43 06 de 01 41 06 f1 01 1e 06 f9 01 0f 06 04 02
03 00 00 80 3f 00 00 80 3f 64 00 00 00 00   04 00           2e 07 d3 02 4e 07 eb 02 4c 07 ff 02 10 07 ed 02
03 00 00 80 3f 00 00 80 3f 64 00 00 00 00   04 00           7d 07 70 03 3f 08 8e 03 3f 08 3b 04 ba 07 3d 04
03 00 00 80 3f 00 00 80 3f 64 00 00 00 00   0a 00           ba 06 28 03 fc 06 2e 03 fd 06 9c 03 c1 06 8b 03 98 06 a8 03 9c 06 b2 03 8b 06 b8 03 58 06 a2 03 6c 06 84 03 9a 06 6d 03
03 00 00 80 3f 00 00 80 3f 64 00 00 00 00   0f 00           ce 06 b6 03 08 07 c5 03 2a 07 22 04 44 07 3f 04 84 06 3e 04 64 06 fd 03 75 06 f1 03 68 06 e4 03 72 06 df 03 92 06 ea 03 a1 06 e3 03 86 06 d2 03 a1 06 c9 03 b8 06 de 03 d2 06 e9 03
03 00 00 80 3f 00 00 80 3f 64 00 00 00 00   08 00           a0 06 21 03 a6 06 26 03 9a 06 4f 03 5e 06 77 03 50 06 7a 03 53 06 83 03 1c 06 8e 03 22 06 75 03
03 00 00 80 3f 00 00 80 3f 64 00 00 00 00   1a 00           af 03 54 03 ed 03 54 03 7f 04 a7 03 b2 04 fd 03 d1 04 2d 04 bd 04 3e 04 38 04 3d 04 c9 03 16 04 cf 03 01 04 0f 04 f0 03 1b 04 c0 03 37 04 b5 03 41 04 95 03 fd 03 7a 03 a9 03 8b 03 45 03 d9 03 80 03 fd 03 ee 03 35 04 c8 03 3a 04 5e 03 08 04 34 03 e0 03 2a 03 c7 03 49 03 b5 03 4e 03 9a 03 76 03 8b 03 72 03 74 03
03 00 00 80 3f 00 00 80 3f 64 00 00 00 00   0a 00           4a 04 cf 02 75 04 e2 02 5b 04 f7 02 7d 04 08 03 4f 04 26 03 36 04 23 03 2d 04 0d 03 ff 03 18 03 e4 03 09 03 e3 03 ec 02
03 00 00 80 3f 00 00 80 3f 64 00 00 00 00   04 00           ef 00 49 02 01 01 69 02 c6 00 93 02 a0 00 81 02
03 00 00 80 3f 00 00 80 3f 64 00 00 00 00   1c 00           f5 05 8a 01 12 06 a0 01 27 06 9d 01 2d 06 a9 01 be 05 da 01 7d 05 d2 01 be 05 75 01 d5 04 2a 01 9f 04 63 01 7a 04 54 01 81 04 3f 01 57 04 2c 01 93 04 f9 00 a9 04 e9 00 f1 03 95 00 b2 03 98 00 a1 03 68 00 82 03 4f 00 84 03 1d 00 ab 03 19 00 b8 03 01 00 9c 04 00 00 d1 04 32 00 fc 04 ae 00 99 05 15 01 da 05 3a 01 dc 05 4a 01 ca 05 4e 01
03 00 00 80 3f 00 00 80 3f 64 00 00 00 00   07 00           62 02 01 00 a5 03 00 00 98 03 0c 00 79 03 14 00 65 03 48 00 9c 03 8b 00 95 03 a2 00
03 00 00 80 3f 00 00 80 3f 64 00 00 00 00   06 00           e1 04 a0 02 ea 04 83 02 20 05 74 02 79 05 c7 02 22 05 01 03 cd 04 ce 02
03 00 00 80 3f 00 00 80 3f 64 00 00 00 00   04 00           00 00 af 02 33 00 c4 02 66 00 ee 02 00 00 36 03

SECTION 4----------------------------------------------------------------------------------------------------------------------------------------------------------------------------------------------------------------------------------------------------------------------------------------------------------------------------------------------------------------------------------------------------------------------------------------------------------------------------------------------------------------------------------------------------------------------------------------------------------------------------------------------------------------------------------------------------------------------------------------------------------------------------------------------------------------------------------------------------------------------------------------------------------------------------------------------------------------------------------------------------------------------------------------

HEADER
ff ff 14 00

METADATA                                    # COORDINATES   COORDINATES
08 00 00                                    08 00           48 00 01 00 92 00 4b 00 75 00 61 00 97 00 80 00 5c 00 a9 00 30 00 ae 00 00 00 93 00 00 00 01 00
08 00 00                                    04 00           2e 01 1c 00 44 01 26 00 3b 01 30 00 23 01 25 00
08 00 00                                    13 00           2b 01 da 00 68 01 da 00 64 01 e9 00 52 01 f5 00 4c 01 0a 01 38 01 1c 01 04 01 1e 01 02 01 36 01 fd 00 4f 01 cb 00 5f 01 a2 00 6d 01 7b 00 75 01 00 00 bf 01 00 00 42 01 40 00 43 01 6c 00 5d 01 6e 00 3b 01 a6 00 16 01 ce 00 21 01
08 00 00                                    05 00           f1 01 72 00 4f 02 34 00 9a 02 5c 00 5f 02 8a 00 24 02 73 00
08 00 00                                    46 00           b5 01 0c 01 35 02 38 01 5c 02 50 01 70 02 2f 01 95 02 2c 01 ac 02 39 01 b4 02 51 01 c8 02 64 01 aa 02 77 01 92 02 82 01 40 02 6c 01 26 02 7c 01 2d 02 83 01 12 02 8f 01 01 02 a5 01 10 02 b6 01 ed 01 c4 01 e0 01 cc 01 9e 01 cf 01 0e 02 81 01 bc 01 68 01 51 01 b3 01 1c 01 b6 01 41 01 c9 01 2b 01 ca 01 38 01 d6 01 3f 01 e3 01 21 01 dd 01 0b 01 d5 01 fc 00 da 01 17 01 e5 01 3d 01 0b 02 62 01 f4 01 77 01 00 02 4a 01 24 02 1f 01 2c 02 22 01 3e 02 05 01 41 02 14 01 4e 02 41 01 4d 02 41 01 5c 02 26 01 64 02 24 01 77 02 03 01 88 02 27 01 8b 02 46 01 8d 02 58 01 98 02 59 01 a9 02 6a 01 af 02 61 01 bb 02 4c 01 b0 02 34 01 b8 02 17 01 b7 02 0c 01 c3 02 03 01 c0 02 e2 00 bd 02 eb 00 b5 02 c1 00 a8 02 6f 00 a4 02 fb 00 40 02 b8 00 1d 02 27 01 0c 02 a0 00 ca 01 ea 00 9f 01 ef 00 ab 01 e8 00 bb 01 ec 00 ca 01 fe 00 c1 01 15 01 b3 01 e7 00 9b 01
08 00 00                                    11 00           08 02 85 02 4e 03 1a 03 28 03 49 03 f5 02 60 03 fe 02 69 03 df 02 7f 03 cd 02 7f 03 bc 02 8d 03 b3 02 7d 03 e9 02 51 03 cb 02 61 03 be 02 5c 03 b6 02 5e 03 83 02 5b 03 42 02 3b 03 39 02 41 03 97 01 f9 02
08 00 00                                    07 00           79 02 a6 00 1a 03 42 00 e3 03 7a 00 e8 03 af 00 76 03 17 01 57 03 07 01 4c 03 0d 01
08 00 00                                    0f 00           fe 03 ba 00 92 04 cf 00 08 05 f7 00 10 06 6e 01 0b 06 97 01 e4 05 aa 01 c9 05 cf 01 6e 05 d1 01 26 05 9c 01 0e 05 93 01 fc 04 96 01 ee 04 a1 01 b8 04 9e 01 8c 04 98 01 91 03 15 01
08 00 00                                    0b 00           81 04 5f 02 ed 04 5b 02 0c 05 7a 02 22 05 74 02 38 05 7f 02 46 05 ae 02 1e 05 cd 02 d8 04 b7 02 a4 04 df 02 6c 04 d9 02 1c 04 b0 02
08 00 00                                    12 00           03 07 2f 03 f2 06 5e 03 8b 06 75 03 5f 06 8a 03 2b 06 68 03 c3 05 38 03 ab 05 4c 03 ae 05 63 03 98 05 73 03 8b 05 71 03 81 05 78 03 6c 05 71 03 5d 05 72 03 56 05 76 03 43 05 79 03 24 05 76 03 c6 04 47 03 bf 05 98 02
08 00 00                                    08 00           c1 06 95 03 fa 06 8e 03 1f 07 99 03 1c 07 ad 03 01 07 ba 03 dc 06 c0 03 c1 06 bf 03 a0 06 aa 03
08 00 00                                    10 00           55 07 2f 02 90 07 ee 01 d1 07 fc 01 ec 07 12 02 f3 07 26 02 09 08 28 02 02 08 32 02 e3 07 39 02 ca 07 45 02 a9 07 50 02 c2 07 59 02 cd 07 69 02 ba 07 75 02 a9 07 77 02 9c 07 6e 02 5a 07 47 02
08 00 00                                    07 00           d0 03 88 03 0a 04 87 03 13 04 81 03 31 04 97 03 d8 03 d7 03 9e 03 d8 03 7d 03 c2 03
08 00 00                                    05 00           55 07 72 02 75 07 69 02 89 07 7e 02 89 07 9d 02 6a 07 b2 02
08 00 00                                    06 00           5e 07 6e 03 3f 08 91 03 3f 08 3f 04 c2 07 3f 04 f4 07 02 04 87 07 bd 03
08 00 00                                    06 00           f3 07 7f 00 14 08 b5 00 f9 07 db 00 dd 07 dd 00 e3 07 fd 00 c5 07 fc 00
08 00 00                                    10 00           08 07 01 00 3a 08 00 00 39 08 52 00 ff 07 40 00 ed 07 4b 00 b7 07 37 00 a5 07 39 00 90 07 2b 00 8b 07 3b 00 78 07 46 00 62 07 48 00 45 07 38 00 3b 07 3d 00 2f 07 2c 00 19 07 35 00 00 07 24 00
08 00 00                                    08 00           4f 04 2d 00 3b 04 45 00 39 04 64 00 9e 04 a5 00 91 04 c4 00 aa 04 d2 00 fe 04 b6 00 89 04 1e 00
08 00 00                                    09 00           81 04 fe 02 5d 04 15 03 47 04 0b 03 3c 04 11 03 2c 04 0d 03 e1 03 df 02 fe 03 cb 02 3d 04 cf 02 61 04 ed 02
08 00 00                                    04 00           ca 06 3e 04 f4 06 1b 04 4e 07 fb 03 76 07 3e 04
