SECTION 1----------------------------------------------------------------------------------------------------------------------------------------------------------------------------------------------------------------------------------------------------------------------------------------------------------------------------------------------------------------------------------------------------------------------------------------------------------------------------------------------------------------------------------------------------------------------------------------------------------------------------------------------------------------------------------------------------------------------------------------------------------------------------------------------------------------------------------------------------------------------------------------------------------------------------------------------------------------------------------------------------------------------------------------

HEADER
ff ff 74 00

METADATA                                    # COORDINATES   COORDINATES
06 00 00 80 3f 00 00 80 3f 64 00 00 00 00   04 00           03 00 fa 02 1b 00 01 03 19 00 10 03 08 00 10 03
06 00 00 80 3f 00 00 80 3f 64 00 00 00 00   04 00           00 00 20 03 0d 00 20 03 0b 00 2c 03 00 00 2c 03
06 00 00 80 3f 00 00 80 3f 64 00 00 00 00   04 00           00 00 3e 03 10 00 3e 03 0a 00 4d 03 01 00 4d 03
06 00 00 80 3f 00 00 80 3f 64 00 00 00 00   04 00           6c 00 45 03 88 00 46 03 85 00 51 03 71 00 52 03
06 00 00 80 3f 00 00 80 3f 64 00 00 00 00   05 00           68 00 5f 03 7d 00 5f 03 93 00 6e 03 8e 00 78 03 6a 00 6f 03
06 00 00 80 3f 00 00 80 3f 64 00 00 00 00   04 00           12 00 84 03 23 00 84 03 20 00 8f 03 16 00 8f 03
06 00 00 80 3f 00 00 80 3f 64 00 00 00 00   06 00           6c 00 87 03 79 00 88 03 7e 00 91 03 9b 00 99 03 94 00 a4 03 77 00 9e 03
06 00 00 80 3f 00 00 80 3f 64 00 00 00 00   06 00           0f 00 b7 03 30 00 bb 03 25 00 d4 03 1a 00 d5 03 11 00 ca 03 03 00 cd 03
06 00 00 80 3f 00 00 80 3f 64 00 00 00 00   04 00           74 00 c9 03 81 00 ba 03 8d 00 be 03 7c 00 d0 03
06 00 00 80 3f 00 00 80 3f 64 00 00 00 00   04 00           ae 00 df 03 b9 00 e3 03 ae 00 f2 03 a0 00 ed 03
06 00 00 80 3f 00 00 80 3f 64 00 00 00 00   04 00           9c 06 dd 04 ab 06 de 04 aa 06 ed 04 9e 06 ed 04
06 00 00 80 3f 00 00 80 3f 64 00 00 00 00   04 00           67 06 fd 04 77 06 fd 04 75 06 0a 05 68 06 0c 05
06 00 00 80 3f 00 00 80 3f 64 00 00 00 00   04 00           e7 05 f4 04 f9 05 f4 04 f5 05 00 05 e8 05 03 05
06 00 00 80 3f 00 00 80 3f 64 00 00 00 00   04 00           cd 05 0e 05 de 05 0b 05 dd 05 17 05 d2 05 19 05
06 00 00 80 3f 00 00 80 3f 64 00 00 00 00   04 00           f7 05 13 05 21 06 0d 05 19 06 20 05 02 06 25 05
06 00 00 80 3f 00 00 80 3f 64 00 00 00 00   04 00           c5 05 40 05 d3 05 3f 05 d2 05 4e 05 c5 05 4f 05
06 00 00 80 3f 00 00 80 3f 64 00 00 00 00   04 00           35 06 4b 05 49 06 49 05 4a 06 56 05 3c 06 59 05
06 00 00 80 3f 00 00 80 3f 64 00 00 00 00   04 00           fb 05 7f 05 27 06 7f 05 19 06 a1 05 0c 06 a0 05
06 00 00 80 3f 00 00 80 3f 64 00 00 00 00   04 00           8d 05 8d 05 a1 05 8d 05 9f 05 9d 05 8e 05 9e 05
06 00 00 80 3f 00 00 80 3f 64 00 00 00 00   04 00           e5 05 99 05 f8 05 99 05 f9 05 a7 05 e7 05 a9 05
06 00 00 80 3f 00 00 80 3f 64 00 00 00 00   04 00           0f 00 04 04 1d 00 06 04 1a 00 14 04 0f 00 16 04
06 00 00 80 3f 00 00 80 3f 64 00 00 00 00   03 00           08 06 ac 05 14 06 ad 05 0d 06 b8 05
06 00 00 80 3f 00 00 80 3f 64 00 00 00 00   03 00           8f 06 4f 06 9d 06 50 06 94 06 5d 06
06 00 00 80 3f 00 00 80 3f 64 00 00 00 00   04 00           ae 06 25 06 bb 06 26 06 bc 06 34 06 b0 06 35 06
06 00 00 80 3f 00 00 80 3f 64 00 00 00 00   03 00           2c 05 cd 05 3a 05 ce 05 31 05 db 05
06 00 00 80 3f 00 00 80 3f 64 00 00 00 00   04 00           39 01 3e 05 4b 01 41 05 49 01 56 05 3a 01 54 05
06 00 00 80 3f 00 00 80 3f 64 00 00 00 00   04 00           aa 00 15 04 bf 00 16 04 be 00 27 04 ac 00 29 04
06 00 00 80 3f 00 00 80 3f 64 00 00 00 00   04 00           13 00 55 04 23 00 56 04 23 00 73 04 1a 00 73 04
06 00 00 80 3f 00 00 80 3f 64 00 00 00 00   04 00           61 00 5a 04 72 00 5a 04 70 00 66 04 65 00 67 04
06 00 00 80 3f 00 00 80 3f 64 00 00 00 00   08 00           d3 00 70 04 f7 00 6d 04 f7 00 7d 04 00 01 8a 04 e9 00 88 04 df 00 99 04 d3 00 90 04 d7 00 80 04
06 00 00 80 3f 00 00 80 3f 64 00 00 00 00   03 00           3f 00 88 04 50 00 89 04 48 00 97 04
06 00 00 80 3f 00 00 80 3f 64 00 00 00 00   04 00           fb 00 a7 04 21 01 a6 04 1c 01 be 04 03 01 bf 04
06 00 00 80 3f 00 00 80 3f 64 00 00 00 00   04 00           00 00 b4 04 10 00 b6 04 0a 00 ce 04 00 00 cf 04
06 00 00 80 3f 00 00 80 3f 64 00 00 00 00   04 00           29 01 f5 04 39 01 f5 04 39 01 03 05 2c 01 03 05
06 00 00 80 3f 00 00 80 3f 64 00 00 00 00   04 00           77 00 16 05 86 00 17 05 84 00 22 05 78 00 23 05
06 00 00 80 3f 00 00 80 3f 64 00 00 00 00   04 00           de 00 5e 05 f2 00 5f 05 ec 00 6e 05 e2 00 6d 05
06 00 00 80 3f 00 00 80 3f 64 00 00 00 00   04 00           f2 00 7b 05 02 01 79 05 01 01 89 05 f6 00 89 05
06 00 00 80 3f 00 00 80 3f 64 00 00 00 00   04 00           94 01 72 05 a8 01 72 05 a2 01 81 05 96 01 81 05
06 00 00 80 3f 00 00 80 3f 64 00 00 00 00   04 00           ac 01 5a 05 be 01 5a 05 bc 01 67 05 ae 01 68 05
06 00 00 80 3f 00 00 80 3f 64 00 00 00 00   04 00           c6 01 4c 05 d9 01 4d 05 d4 01 64 05 c6 01 64 05
06 00 00 80 3f 00 00 80 3f 64 00 00 00 00   07 00           e4 01 3a 05 f8 01 39 05 10 02 46 05 09 02 54 05 fe 01 53 05 fb 01 45 05 e6 01 49 05
06 00 00 80 3f 00 00 80 3f 64 00 00 00 00   04 00           e3 01 5f 05 f7 01 61 05 f1 01 70 05 e5 01 70 05
06 00 00 80 3f 00 00 80 3f 64 00 00 00 00   04 00           1c 02 43 05 2e 02 43 05 2d 02 53 05 20 02 53 05
06 00 00 80 3f 00 00 80 3f 64 00 00 00 00   04 00           3a 02 4f 05 64 02 4e 05 5a 02 5e 05 43 02 5f 05
06 00 00 80 3f 00 00 80 3f 64 00 00 00 00   04 00           31 02 80 05 41 02 80 05 3e 02 8f 05 34 02 91 05
06 00 00 80 3f 00 00 80 3f 64 00 00 00 00   03 00           5e 01 cd 05 79 01 cd 05 6b 01 da 05
06 00 00 80 3f 00 00 80 3f 64 00 00 00 00   08 00           9b 01 eb 05 c3 01 ee 05 bd 01 00 06 c5 01 0b 06 b7 01 0d 06 af 01 01 06 a6 01 0a 06 9b 01 02 06
06 00 00 80 3f 00 00 80 3f 64 00 00 00 00   03 00           f6 01 13 06 06 02 14 06 ff 01 23 06
06 00 00 80 3f 00 00 80 3f 64 00 00 00 00   04 00           64 00 1f 06 73 00 1f 06 72 00 29 06 63 00 2a 06
06 00 00 80 3f 00 00 80 3f 64 00 00 00 00   08 00           85 00 2a 06 9b 00 2a 06 9d 00 37 06 b3 00 35 06 b0 00 42 06 a4 00 41 06 a2 00 39 06 8b 00 39 06
06 00 00 80 3f 00 00 80 3f 64 00 00 00 00   08 00           c2 00 41 06 e8 00 41 06 fb 00 68 06 e9 00 69 06 e5 00 80 06 d1 00 80 06 cd 00 68 06 bd 00 67 06
06 00 00 80 3f 00 00 80 3f 64 00 00 00 00   04 00           95 00 62 06 a9 00 61 06 aa 00 6f 06 97 00 71 06
06 00 00 80 3f 00 00 80 3f 64 00 00 00 00   04 00           37 00 52 06 4a 00 54 06 45 00 62 06 39 00 63 06
06 00 00 80 3f 00 00 80 3f 64 00 00 00 00   04 00           3d 00 6e 06 6b 00 70 06 5c 00 82 06 42 00 81 06
06 00 00 80 3f 00 00 80 3f 64 00 00 00 00   04 00           01 00 98 06 30 00 9b 06 20 00 bd 06 02 00 bd 06
06 00 00 80 3f 00 00 80 3f 64 00 00 00 00   04 00           cb 00 a3 06 e5 00 a1 06 e1 00 ae 06 d3 00 b0 06
06 00 00 80 3f 00 00 80 3f 64 00 00 00 00   04 00           3d 02 4f 06 63 02 4f 06 55 02 68 06 4a 02 69 06
06 00 00 80 3f 00 00 80 3f 64 00 00 00 00   04 00           82 02 95 06 9a 02 95 06 94 02 a3 06 85 02 a5 06
06 00 00 80 3f 00 00 80 3f 64 00 00 00 00   04 00           d9 02 3b 06 ed 02 3b 06 ea 02 4a 06 db 02 4c 06
06 00 00 80 3f 00 00 80 3f 64 00 00 00 00   04 00           9f 02 2d 05 bc 02 2d 05 b4 02 3c 05 a9 02 3c 05
06 00 00 80 3f 00 00 80 3f 64 00 00 00 00   04 00           c9 02 39 05 e0 02 35 05 df 02 3f 05 cb 02 46 05
06 00 00 80 3f 00 00 80 3f 64 00 00 00 00   04 00           7d 04 6f 05 a1 04 7b 05 9a 04 88 05 80 04 7b 05
06 00 00 80 3f 00 00 80 3f 64 00 00 00 00   04 00           d1 04 84 05 e2 04 85 05 e2 04 91 05 d5 04 91 05
06 00 00 80 3f 00 00 80 3f 64 00 00 00 00   04 00           08 04 cf 05 1d 04 cd 05 18 04 de 05 0a 04 df 05
06 00 00 80 3f 00 00 80 3f 64 00 00 00 00   04 00           f3 03 0d 06 06 04 0d 06 04 04 18 06 f6 03 19 06
06 00 00 80 3f 00 00 80 3f 64 00 00 00 00   04 00           5f 04 09 06 8f 04 02 06 8e 04 10 06 69 04 15 06
06 00 00 80 3f 00 00 80 3f 64 00 00 00 00   04 00           19 04 3d 06 40 04 3d 06 35 04 4d 06 26 04 4c 06
06 00 00 80 3f 00 00 80 3f 64 00 00 00 00   04 00           9c 04 1e 06 ac 04 1f 06 ab 04 29 06 9c 04 28 06
06 00 00 80 3f 00 00 80 3f 64 00 00 00 00   04 00           65 04 61 06 73 04 62 06 73 04 6c 06 67 04 6c 06
06 00 00 80 3f 00 00 80 3f 64 00 00 00 00   06 00           e5 03 98 06 f8 03 99 06 f8 03 a4 06 04 04 a5 06 fd 03 af 06 e5 03 a6 06
06 00 00 80 3f 00 00 80 3f 64 00 00 00 00   03 00           73 04 77 06 84 04 78 06 7b 04 84 06
06 00 00 80 3f 00 00 80 3f 64 00 00 00 00   03 00           37 04 8b 06 48 04 8b 06 3f 04 99 06
06 00 00 80 3f 00 00 80 3f 64 00 00 00 00   04 00           17 04 a4 06 28 04 a4 06 24 04 b0 06 19 04 af 06
06 00 00 80 3f 00 00 80 3f 64 00 00 00 00   06 00           7c 04 99 06 a6 04 9b 06 9d 04 b3 06 88 04 b4 06 7d 04 bd 06 75 04 b5 06
06 00 00 80 3f 00 00 80 3f 64 00 00 00 00   05 00           01 05 5d 06 28 05 5c 06 24 05 77 06 13 05 77 06 08 05 7e 06
06 00 00 80 3f 00 00 80 3f 64 00 00 00 00   04 00           bc 04 b2 06 d4 04 b3 06 ce 04 bf 06 c1 04 be 06
06 00 00 80 3f 00 00 80 3f 64 00 00 00 00   03 00           23 05 81 06 32 05 82 06 2a 05 8d 06
06 00 00 80 3f 00 00 80 3f 64 00 00 00 00   04 00           2e 05 8e 06 5c 05 82 06 5b 05 91 06 37 05 9c 06
06 00 00 80 3f 00 00 80 3f 64 00 00 00 00   03 00           09 05 a7 06 1b 05 a8 06 12 05 b5 06
06 00 00 80 3f 00 00 80 3f 64 00 00 00 00   04 00           92 05 65 06 a6 05 65 06 a3 05 70 06 95 05 70 06
06 00 00 80 3f 00 00 80 3f 64 00 00 00 00   04 00           77 05 8a 06 8a 05 8a 06 88 05 97 06 7c 05 98 06
06 00 00 80 3f 00 00 80 3f 64 00 00 00 00   03 00           53 05 9f 06 67 05 9d 06 5d 05 ab 06
06 00 00 80 3f 00 00 80 3f 64 00 00 00 00   04 00           c1 05 9a 06 ee 05 99 06 e1 05 b3 06 ce 05 b4 06
06 00 00 80 3f 00 00 80 3f 64 00 00 00 00   09 00           13 08 e7 02 3e 08 e5 02 3b 08 fc 02 2b 08 ff 02 27 08 f3 02 13 08 f5 02 12 08 03 03 05 08 04 03 07 08 f5 02
06 00 00 80 3f 00 00 80 3f 64 00 00 00 00   03 00           25 08 08 03 32 08 08 03 2c 08 16 03
06 00 00 80 3f 00 00 80 3f 64 00 00 00 00   04 00           6c 08 2a 03 82 08 2a 03 7e 08 38 03 71 08 37 03
06 00 00 80 3f 00 00 80 3f 64 00 00 00 00   03 00           96 08 30 03 a7 08 31 03 9f 08 3e 03
06 00 00 80 3f 00 00 80 3f 64 00 00 00 00   03 00           88 08 4c 03 98 08 4c 03 90 08 58 03
06 00 00 80 3f 00 00 80 3f 64 00 00 00 00   04 00           dc 08 36 03 f2 08 36 03 ee 08 47 03 df 08 48 03
06 00 00 80 3f 00 00 80 3f 64 00 00 00 00   03 00           e5 08 51 03 f5 08 51 03 ed 08 5c 03
06 00 00 80 3f 00 00 80 3f 64 00 00 00 00   04 00           af 08 66 03 cc 08 59 03 c9 08 66 03 b9 08 6f 03
06 00 00 80 3f 00 00 80 3f 64 00 00 00 00   04 00           2c 08 51 03 53 08 54 03 46 08 64 03 3b 08 65 03
06 00 00 80 3f 00 00 80 3f 64 00 00 00 00   04 00           97 07 4b 03 aa 07 48 03 a9 07 57 03 98 07 5b 03
06 00 00 80 3f 00 00 80 3f 64 00 00 00 00   04 00           aa 08 7f 03 bd 08 7f 03 bc 08 8a 03 b2 08 8c 03
06 00 00 80 3f 00 00 80 3f 64 00 00 00 00   04 00           65 08 8c 03 78 08 8c 03 76 08 aa 03 69 08 ab 03
06 00 00 80 3f 00 00 80 3f 64 00 00 00 00   03 00           38 08 9c 03 47 08 9d 03 41 08 aa 03
06 00 00 80 3f 00 00 80 3f 64 00 00 00 00   04 00           49 08 bb 03 60 08 b9 03 5b 08 c7 03 52 08 c8 03
06 00 00 80 3f 00 00 80 3f 64 00 00 00 00   04 00           68 08 be 03 7a 08 c0 03 79 08 d0 03 67 08 d0 03
06 00 00 80 3f 00 00 80 3f 64 00 00 00 00   03 00           be 07 56 03 cf 07 55 03 c7 07 60 03
06 00 00 80 3f 00 00 80 3f 64 00 00 00 00   04 00           70 07 ac 03 7f 07 ac 03 7d 07 b9 03 71 07 b8 03
06 00 00 80 3f 00 00 80 3f 64 00 00 00 00   04 00           33 07 d9 03 46 07 d8 03 45 07 e9 03 34 07 eb 03
06 00 00 80 3f 00 00 80 3f 64 00 00 00 00   04 00           30 07 06 04 50 07 ff 03 4e 07 0e 04 35 07 13 04
06 00 00 80 3f 00 00 80 3f 64 00 00 00 00   04 00           6e 07 08 04 82 07 09 04 7f 07 16 04 6f 07 18 04
06 00 00 80 3f 00 00 80 3f 64 00 00 00 00   03 00           49 07 17 04 59 07 19 04 4e 07 25 04
06 00 00 80 3f 00 00 80 3f 64 00 00 00 00   04 00           c9 06 52 04 d9 06 51 04 d8 06 60 04 cb 06 61 04
06 00 00 80 3f 00 00 80 3f 64 00 00 00 00   04 00           71 07 7c 04 80 07 7c 04 80 07 89 04 72 07 8a 04
06 00 00 80 3f 00 00 80 3f 64 00 00 00 00   03 00           5d 07 85 04 6a 07 85 04 63 07 92 04
06 00 00 80 3f 00 00 80 3f 64 00 00 00 00   03 00           88 07 8b 04 95 07 8b 04 8e 07 95 04
06 00 00 80 3f 00 00 80 3f 64 00 00 00 00   04 00           5a 07 c2 04 6c 07 c2 04 6b 07 d0 04 5c 07 d1 04
06 00 00 80 3f 00 00 80 3f 64 00 00 00 00   04 00           ad 06 90 04 bd 06 92 04 bd 06 9e 04 af 06 9e 04
06 00 00 80 3f 00 00 80 3f 64 00 00 00 00   04 00           15 07 e0 04 26 07 e1 04 27 07 f0 04 1a 07 f1 04
06 00 00 80 3f 00 00 80 3f 64 00 00 00 00   06 00           5f 06 a7 04 73 06 a7 04 71 06 b5 04 79 06 c6 04 6b 06 cb 04 5e 06 b3 04
06 00 00 80 3f 00 00 80 3f 64 00 00 00 00   03 00           55 06 c9 04 64 06 c9 04 5b 06 d6 04
06 00 00 80 3f 00 00 80 3f 64 00 00 00 00   04 00           85 06 d8 04 92 06 d9 04 92 06 e5 04 87 06 e5 04
03 00 00 80 3f 00 00 80 3f 64 00 00 00 00   07 00           f4 04 a0 02 4d 05 bf 02 54 05 ca 02 14 05 05 03 06 05 08 03 b4 04 eb 02 b2 04 e1 02
03 00 00 80 3f 00 00 80 3f 64 00 00 00 00   07 00           ae 05 de 02 0e 06 01 03 11 06 0a 03 d6 05 45 03 c8 05 47 03 71 05 28 03 6f 05 1e 03

SECTION 2----------------------------------------------------------------------------------------------------------------------------------------------------------------------------------------------------------------------------------------------------------------------------------------------------------------------------------------------------------------------------------------------------------------------------------------------------------------------------------------------------------------------------------------------------------------------------------------------------------------------------------------------------------------------------------------------------------------------------------------------------------------------------------------------------------------------------------------------------------------------------------------------------------------------------------------------------------------------------------------------------------------------------------------

HEADER
ff ff 0f 00

METADATA                                    # COORDINATES   COORDINATES
08 00 00                                    03 00           47 02 42 02 95 02 42 02 95 02 fe 01
08 00 00                                    04 00           f1 04 7e 02 5f 05 7e 02 37 06 cd 02 5e 05 fb 02
08 00 00                                    03 00           6e 07 36 03 a5 06 bf 02 6e 07 e0 02
08 00 00                                    03 00           49 01 16 03 c8 00 17 03 f9 00 d7 02
08 00 00                                    03 00           be 01 de 03 53 01 df 03 53 01 9f 03
08 00 00                                    03 00           e8 03 2f 05 a0 03 30 05 a0 03 fd 04
08 00 00                                    03 00           48 05 89 05 28 04 88 05 28 04 32 05
08 00 00                                    04 00           92 05 54 05 63 06 83 04 63 06 c2 04 d0 05 55 05
08 00 00                                    04 00           be 06 2a 04 c6 07 21 03 c6 07 65 03 17 07 29 04
08 00 00                                    04 00           be 01 48 05 d7 02 19 05 d7 02 49 05 be 01 75 05
08 00 00                                    03 00           07 01 65 04 23 01 ac 04 e8 00 ab 04
08 00 00                                    03 00           bd 00 c4 03 da 00 06 04 9c 00 06 04
08 00 00                                    03 00           8b 00 56 03 a6 00 8c 03 66 00 8b 03
08 00 00                                    03 00           ed 06 73 04 a2 06 73 04 a2 06 2f 04
08 00 00                                    03 00           39 01 d9 04 4e 01 16 05 14 01 16 05

SECTION 3----------------------------------------------------------------------------------------------------------------------------------------------------------------------------------------------------------------------------------------------------------------------------------------------------------------------------------------------------------------------------------------------------------------------------------------------------------------------------------------------------------------------------------------------------------------------------------------------------------------------------------------------------------------------------------------------------------------------------------------------------------------------------------------------------------------------------------------------------------------------------------------------------------------------------------------------------------------------------------------------------------------------------------------

HEADER
ff ff 0b 00

METADATA                                    # COORDINATES   COORDINATES
08 01 00                                    03 00           6a 02 96 02 b7 02 60 02 b7 02 97 02
08 01 00                                    03 00           81 03 a9 02 03 03 a8 02 41 03 5b 02
08 01 00                                    03 00           ba 04 7f 01 99 04 9e 01 76 04 7e 01
08 01 00                                    03 00           13 05 a3 01 be 04 a3 01 e2 04 78 01
08 01 00                                    03 00           6b 07 77 02 9e 07 77 02 84 07 93 02
08 01 00                                    03 00           8c 07 d6 02 c5 07 6d 02 00 08 6e 02
08 01 00                                    03 00           3e 06 e8 03 f7 05 e9 03 21 06 c0 03
08 01 00                                    03 00           a5 06 d0 03 5a 06 cf 03 35 06 33 04
08 01 00                                    03 00           60 05 28 05 db 04 f7 04 60 05 f6 04
08 01 00                                    03 00           a2 01 dd 04 55 01 de 04 7c 01 aa 04
08 01 00                                    03 00           61 00 c5 02 b3 00 8f 02 b3 00 c4 02

SECTION 4----------------------------------------------------------------------------------------------------------------------------------------------------------------------------------------------------------------------------------------------------------------------------------------------------------------------------------------------------------------------------------------------------------------------------------------------------------------------------------------------------------------------------------------------------------------------------------------------------------------------------------------------------------------------------------------------------------------------------------------------------------------------------------------------------------------------------------------------------------------------------------------------------------------------------------------------------------------------------------------------------------------------------------------

HEADER
ff ff 03 00

METADATA                                    # COORDINATES   COORDINATES
08 02 00                                    03 00           be 02 a3 00 c2 02 ce 00 fa 02 b7 00
08 02 00                                    03 00           ad 02 94 00 6e 02 93 00 6e 02 e2 00
08 02 00                                    03 00           f0 02 45 02 cf 02 25 02 16 03 26 02
