SECTION 1----------------------------------------------------------------------------------------------------------------------------------------------------------------------------------------------------------------------------------------------------------------------------------------------------------------------------------------------------------------------------------------------------------------------------------------------------------------------------------------------------------------------------------------------------------------------------------------------------------------------------------------------------------------------------------------------------------------------------------------------------------------------------------------------------------------------------------------------------------------------------------------------------------------------------------------------------------------------------------------------------------------------------------------

HEADER
0e 00 01 00

METADATA                                    # COORDINATES   COORDINATES
01 00 00 80 3f 00 00 80 3f 64 00 00 00 00   06 00           c9 04 97 01 77 03 37 02 5b 03 36 02 2b 03 0a 02 e9 02 e8 01 53 04 41 01

SECTION 2----------------------------------------------------------------------------------------------------------------------------------------------------------------------------------------------------------------------------------------------------------------------------------------------------------------------------------------------------------------------------------------------------------------------------------------------------------------------------------------------------------------------------------------------------------------------------------------------------------------------------------------------------------------------------------------------------------------------------------------------------------------------------------------------------------------------------------------------------------------------------------------------------------------------------------------------------------------------------------------------------------------------------------------

HEADER
ff ff 25 00

METADATA                                    # COORDINATES   COORDINATES
01 00 00 80 3f 00 00 80 3f 64 00 00 00 00   04 00           b5 01 50 03 d7 01 41 03 f9 01 5d 03 d4 01 6e 03
01 00 00 80 3f 00 00 80 3f 64 00 00 00 00   08 00           03 02 d2 02 38 02 b8 02 9b 02 02 03 26 03 c1 02 39 03 ef 02 72 02 48 03 4c 02 2b 03 72 02 17 03
01 00 00 80 3f 00 00 80 3f 64 00 00 00 00   04 00           8f 03 90 02 a6 04 06 02 d8 04 21 02 af 03 b1 02
01 00 00 80 3f 00 00 80 3f 64 00 00 00 00   04 00           cf 04 f6 01 43 06 41 01 68 06 62 01 f9 04 14 02
01 00 00 80 3f 00 00 80 3f 64 00 00 00 00   04 00           74 07 53 01 92 07 5c 01 85 07 68 01 68 07 5e 01
01 00 00 80 3f 00 00 80 3f 64 00 00 00 00   10 00           49 08 2f 03 60 08 3e 03 df 07 7e 03 d6 07 7a 03 cd 07 7f 03 d8 07 8d 03 a7 07 a5 03 9c 07 97 03 33 06 4f 04 00 06 4c 04 72 05 ed 03 70 05 de 03 83 05 d4 03 02 06 1b 04 37 06 1e 04 9f 07 69 03
01 00 00 80 3f 00 00 80 3f 64 00 00 00 00   04 00           bd 06 f8 04 bf 07 78 04 d6 08 3a 05 dc 07 b6 05
01 00 00 80 3f 00 00 80 3f 64 00 00 00 00   06 00           41 08 01 06 75 08 16 06 8a 08 24 06 af 08 49 06 8f 08 57 06 27 08 0f 06
01 00 00 80 3f 00 00 80 3f 64 00 00 00 00   04 00           4d 02 57 07 a0 02 f9 06 d5 02 08 07 83 02 68 07
01 00 00 80 3f 00 00 80 3f 64 00 00 00 00   04 00           18 02 5d 06 43 02 6f 06 9b 01 f9 06 74 01 ea 06
01 00 00 80 3f 00 00 80 3f 64 00 00 00 00   09 00           df 03 4d 05 fe 03 64 05 85 03 a4 05 3d 03 c4 05 49 03 d4 05 13 03 ee 05 05 03 dd 05 b8 02 0b 06 9b 02 f3 05
01 00 00 80 3f 00 00 80 3f 64 00 00 00 00   0c 00           5e 04 3a 04 7c 04 2c 04 58 05 c7 04 cf 04 01 05 d9 04 0f 05 ab 04 27 05 9d 04 19 05 1b 04 5b 05 06 04 4d 05 13 04 41 05 e2 03 1b 05 fd 03 0f 05
01 00 00 80 3f 00 00 80 3f 64 00 00 00 00   06 00           95 05 d9 03 33 06 86 03 99 06 77 03 fd 06 bc 03 36 06 22 04 01 06 22 04
01 00 00 80 3f 00 00 80 3f 64 00 00 00 00   04 00           49 07 6d 06 6d 07 5a 06 e6 07 b1 06 c0 07 c7 06
06 00 00 80 3f 00 00 80 3f 64 00 00 00 00   04 00           7c 08 c0 02 a1 08 af 02 b5 08 ba 02 90 08 c7 02
06 00 00 80 3f 00 00 80 3f 64 00 00 00 00   04 00           7e 08 0d 03 9f 08 fd 02 a8 08 0a 03 8d 08 16 03
06 00 00 80 3f 00 00 80 3f 64 00 00 00 00   04 00           bf 04 5e 03 cf 04 66 03 c8 04 6e 03 b6 04 65 03
06 00 00 80 3f 00 00 80 3f 64 00 00 00 00   04 00           e5 04 eb 06 3b 05 b8 06 4d 05 c5 06 fb 04 f9 06
05 00 00 80 3f 00 00 80 3f 64 00 00 00 00   7a 00           02 00 03 00 1e 00 26 00 40 00 46 00 58 00 38 00 93 00 34 00 a6 00 26 00 d4 00 6a 00 fa 00 6f 00 06 01 89 00 24 01 82 00 23 01 6f 00 4b 01 34 00 74 01 2b 00 88 01 46 00 94 01 37 00 af 01 44 00 c4 01 38 00 ce 01 24 00 dc 01 2a 00 dd 01 42 00 f1 01 4b 00 ee 01 5d 00 db 01 63 00 e1 01 70 00 1a 02 71 00 2a 02 63 00 3b 02 62 00 33 02 41 00 3e 02 3a 00 4f 02 42 00 4e 02 31 00 53 02 24 00 65 02 21 00 83 02 32 00 98 02 47 00 9e 02 5b 00 a9 02 74 00 a5 02 8d 00 9a 02 8c 00 99 02 b5 00 83 02 b4 00 72 02 df 00 4e 02 d9 00 31 02 d1 00 20 02 dd 00 1f 02 f9 00 07 02 f8 00 f3 01 f8 00 e7 01 1d 01 af 01 13 01 84 01 19 01 66 01 2a 01 58 01 40 01 40 01 43 01 22 01 29 01 16 01 38 01 fe 00 26 01 e9 00 07 01 cb 00 0b 01 c6 00 2c 01 b5 00 4f 01 9d 00 5c 01 99 00 39 01 75 00 4a 01 53 00 4f 01 5d 00 73 01 58 00 8f 01 6e 00 98 01 76 00 ac 01 64 00 b7 01 32 00 af 01 00 00 8f 01 00 00 bb 03 2d 00 b3 03 4b 00 c7 03 69 00 cd 03 a0 00 c3 03 c4 00 bd 03 de 00 c9 03 fc 00 b6 03 16 01 9a 03 34 01 a2 03 4a 01 99 03 58 01 78 03 61 01 67 03 78 01 65 03 7b 01 77 03 a9 01 6e 03 c4 01 74 03 ce 01 70 03 af 01 5f 03 b2 01 50 03 d7 01 40 03 fa 01 5c 03 49 02 31 03 02 02 03 03 01 02 d0 02 38 02 b4 02 99 02 fa 02 9f 02 ea 02 bc 02 e9 02 1c 03 c3 02 d2 02 c6 02 90 02 b4 02 8a 02 59 02 dc 02 1f 02 b5 05 b8 00 f1 05 b6 00 3a 06 f4 00 3b 06 1a 01 36 06 26 01 48 06 37 01 98 06 11 01 bd 06 1f 01 db 06 26 01 08 07 1c 01 5a 07 21 01 f2 07 1f 01 76 08 e9 00 f2 08 da 00 3e 09 dc 00 3e 09 00 00
03 00 00 80 3f 00 00 80 3f 64 00 00 00 00   0c 00           05 08 38 01 1b 08 34 01 16 08 2b 01 33 08 27 01 53 08 1b 01 9c 08 25 01 78 08 35 01 56 08 35 01 46 08 46 01 2d 08 49 01 20 08 39 01 07 08 3d 01
03 00 00 80 3f 00 00 80 3f 64 00 00 00 00   04 00           a2 07 a3 01 e2 07 86 01 d4 07 9b 01 bf 07 a7 01
03 00 00 80 3f 00 00 80 3f 64 00 00 00 00   05 00           42 07 d1 01 66 07 c0 01 67 07 ca 01 37 07 e1 01 34 07 dc 01
03 00 00 80 3f 00 00 80 3f 64 00 00 00 00   07 00           a5 07 c8 01 98 07 d4 01 94 07 e1 01 5c 07 f0 01 3c 07 0d 02 3f 07 fc 01 6f 07 dd 01
03 00 00 80 3f 00 00 80 3f 64 00 00 00 00   08 00           b7 07 13 02 c8 07 3c 02 a8 07 4a 02 67 08 c8 02 a2 08 ae 02 d7 08 d9 02 47 08 1f 03 42 07 45 02
03 00 00 80 3f 00 00 80 3f 64 00 00 00 00   07 00           b9 08 39 02 d5 08 2b 02 3f 09 69 02 3e 09 ad 02 03 09 c8 02 c7 08 9b 02 10 09 72 02
03 00 00 80 3f 00 00 80 3f 64 00 00 00 00   0b 00           fb 07 ae 05 de 08 3c 05 d8 07 89 04 0c 08 6d 04 3d 09 4d 05 3c 09 69 05 74 08 e1 05 1e 08 cd 05 0c 08 ca 05 11 08 b3 05 02 08 b6 05
03 00 00 80 3f 00 00 80 3f 64 00 00 00 00   11 00           72 06 f0 06 9f 06 10 07 f7 06 16 07 c3 06 2c 07 c7 06 37 07 ea 06 26 07 fe 06 2c 07 29 07 1f 07 28 07 12 07 70 07 eb 06 8d 07 f9 06 3d 07 20 07 cf 07 7f 07 d4 06 7f 07 66 06 3e 07 95 06 30 07 6e 06 02 07
03 00 00 80 3f 00 00 80 3f 64 00 00 00 00   03 00           91 06 66 06 d1 06 45 06 cb 06 57 06
03 00 00 80 3f 00 00 80 3f 64 00 00 00 00   15 00           59 05 fb 05 b5 05 35 06 aa 05 44 06 ae 05 5c 06 c1 05 4e 06 db 05 51 06 64 06 99 06 52 06 a3 06 37 06 a1 06 2b 06 98 06 36 06 90 06 1c 06 95 06 13 06 7f 06 01 06 7a 06 f9 05 67 06 df 05 5e 06 c2 05 56 06 be 05 81 06 96 05 92 06 3a 05 a5 06 0b 05 72 06
03 00 00 80 3f 00 00 80 3f 64 00 00 00 00   34 00           36 05 c7 06 3e 05 de 06 1c 05 e2 06 1d 05 ec 06 06 05 f6 06 fb 04 0a 07 ef 04 1b 07 de 04 19 07 c1 04 20 07 a9 04 34 07 91 04 32 07 89 04 25 07 73 04 26 07 80 04 37 07 6b 04 3a 07 55 04 26 07 60 04 1c 07 55 04 17 07 4d 04 20 07 20 04 05 07 2f 04 e7 06 21 04 e8 06 12 04 e7 06 fc 03 f0 06 0f 04 c8 06 07 04 c9 06 f9 03 ca 06 f7 03 db 06 df 03 d0 06 d1 03 dc 06 d0 03 d0 06 bb 03 db 06 a1 03 df 06 9a 03 d8 06 a9 03 d2 06 87 03 ca 06 ac 03 c2 06 c1 03 c9 06 d9 03 c8 06 ed 03 cf 06 fc 03 c3 06 e5 03 b7 06 d5 03 a2 06 c9 03 af 06 bd 03 b6 06 a3 03 a6 06 90 03 97 06 7c 03 92 06 86 03 8b 06 ac 03 95 06 af 03 a7 06 c0 03 96 06
03 00 00 80 3f 00 00 80 3f 64 00 00 00 00   22 00           c5 03 ed 06 cf 03 ec 06 f0 03 04 07 da 03 fd 06 d3 03 00 07 f5 03 24 07 f1 03 32 07 e4 03 37 07 03 04 41 07 20 04 34 07 24 04 2b 07 17 04 22 07 1f 04 20 07 4f 04 37 07 51 04 49 07 44 04 53 07 30 04 58 07 2e 04 6b 07 2a 04 7e 07 1d 04 67 07 14 04 7e 07 0a 04 7d 07 05 04 6d 07 f9 03 7b 07 d1 03 6e 07 cf 03 62 07 c0 03 61 07 c6 03 4f 07 bb 03 47 07 ca 03 38 07 f2 02 fd 06 9d 03 e9 06 b8 03 04 07 c9 03 ff 06
03 00 00 80 3f 00 00 80 3f 64 00 00 00 00   17 00           6d 00 e4 05 92 00 d4 05 9d 00 fe 05 91 00 0d 06 79 00 0b 06 83 00 28 06 65 00 2f 06 81 00 41 06 48 00 41 06 53 00 56 06 3c 00 57 06 32 00 7d 06 87 00 87 06 bc 00 75 06 cb 00 78 06 ca 00 89 06 b0 00 92 06 d7 00 b1 06 88 01 f9 06 62 01 07 07 00 00 ba 06 00 00 2a 06 2a 00 0a 06
03 00 00 80 3f 00 00 80 3f 64 00 00 00 00   08 00           02 00 66 05 b0 00 5a 05 c0 00 60 05 ae 00 88 05 62 00 80 05 4e 00 84 05 3b 00 81 05 00 00 79 05
03 00 00 80 3f 00 00 80 3f 64 00 00 00 00   07 00           91 02 2f 04 90 02 18 04 ab 02 fa 03 fe 02 f1 03 3d 03 f7 03 b5 02 58 04 9a 02 47 04
03 00 00 80 3f 00 00 80 3f 64 00 00 00 00   04 00           58 02 5b 03 ad 02 33 03 b2 02 4f 03 9f 02 58 03
03 00 00 80 3f 00 00 80 3f 64 00 00 00 00   0b 00           3c 03 f6 02 4a 03 08 03 80 03 fa 02 a7 03 0e 03 77 03 14 03 74 03 09 03 64 03 15 03 52 03 13 03 3e 03 14 03 30 03 05 03 1d 03 05 03
03 00 00 80 3f 00 00 80 3f 64 00 00 00 00   03 00           ae 03 b6 02 d1 03 a2 02 d8 03 ca 02

SECTION 3----------------------------------------------------------------------------------------------------------------------------------------------------------------------------------------------------------------------------------------------------------------------------------------------------------------------------------------------------------------------------------------------------------------------------------------------------------------------------------------------------------------------------------------------------------------------------------------------------------------------------------------------------------------------------------------------------------------------------------------------------------------------------------------------------------------------------------------------------------------------------------------------------------------------------------------------------------------------------------------------------------------------------------------

HEADER
ff ff 12 00

METADATA                                    # COORDINATES   COORDINATES
08 00 00                                    03 00           69 06 bc 01 8a 06 d2 01 5d 06 d8 01
08 00 00                                    03 00           5a 06 65 06 89 06 64 06 89 06 82 06
08 00 00                                    03 00           92 08 67 06 a0 08 53 06 b0 08 67 06
08 00 00                                    03 00           a3 01 ca 06 d4 01 9f 06 f1 01 cb 06
08 00 00                                    03 00           8a 02 40 07 1b 02 40 07 56 02 0c 07
08 00 00                                    03 00           68 05 03 05 e1 04 0d 05 68 05 c0 04
08 00 00                                    03 00           67 06 4c 05 cb 06 a8 04 1b 07 4f 05
08 00 00                                    03 00           98 07 75 03 b7 07 5c 03 d6 07 76 03
08 00 00                                    03 00           02 08 8f 03 51 08 20 03 ce 08 20 03
08 00 00                                    03 00           de 06 f1 03 24 07 ad 03 6c 07 f0 03
08 00 00                                    03 00           1a 05 e6 03 4b 05 b5 03 7e 05 e7 03
08 00 00                                    03 00           dd 04 ae 03 04 05 80 03 2c 05 af 03
08 00 00                                    03 00           ab 04 5b 03 77 04 5b 03 91 04 37 03
08 01 00                                    03 00           c8 02 7c 02 07 03 3f 02 4f 03 7a 02
08 02 00                                    03 00           aa 05 18 01 b8 05 25 01 be 05 15 01
08 00 00                                    03 00           20 07 18 06 df 06 18 06 01 07 f1 05
08 00 00                                    03 00           54 05 bb 05 02 05 bb 05 29 05 8a 05
08 00 00                                    03 00           97 03 69 06 5e 03 69 06 79 03 44 06
