SECTION 1----------------------------------------------------------------------------------------------------------------------------------------------------------------------------------------------------------------------------------------------------------------------------------------------------------------------------------------------------------------------------------------------------------------------------------------------------------------------------------------------------------------------------------------------------------------------------------------------------------------------------------------------------------------------------------------------------------------------------------------------------------------------------------------------------------------------------------------------------------------------------------------------------------------------------------------------------------------------------------------------------------------------------------------

HEADER
ff ff 0a 00

METADATA                                    # COORDINATES   COORDINATES
01 00 00 80 3f 00 00 80 3f 64 00 00 00 00   04 00           27 03 5e 01 3b 03 69 01 a2 02 c2 01 86 02 b2 01
01 00 00 80 3f 00 00 80 3f 64 00 00 00 00   04 00           16 02 19 02 9f 02 c6 01 b4 02 d4 01 2d 02 26 02
01 00 00 80 3f 00 00 80 3f 64 00 00 00 00   04 00           9f 03 4a 02 c5 03 32 02 d0 03 37 02 aa 03 51 02
01 00 00 80 3f 00 00 80 3f 64 00 00 00 00   04 00           32 03 f1 01 4e 03 e2 01 96 03 0a 02 79 03 1a 02
06 00 00 80 3f 00 00 80 3f 64 00 00 00 00   04 00           f7 03 2b 03 25 04 15 03 2f 04 2b 03 0f 04 3e 03
05 00 00 80 3f 00 00 80 3f 64 00 00 00 00   4b 00           64 05 3f 01 9d 05 5a 01 ad 05 7b 01 a4 05 7f 01 ba 05 82 01 c2 05 98 01 b7 05 a2 01 bb 05 ad 01 ce 05 ae 01 dd 05 bf 01 ef 05 c2 01 1d 06 d3 01 25 06 ee 01 15 06 0f 02 1b 06 27 02 2d 06 29 02 2e 06 2e 02 1d 06 a2 02 29 06 a7 02 25 06 bb 02 09 06 d3 02 01 06 06 03 c8 05 10 03 9d 05 66 03 45 05 6d 03 43 05 88 03 2a 05 8f 03 08 05 91 03 d5 04 a8 03 bf 04 cc 03 b9 04 e2 03 a3 04 ff 03 da 03 ff 03 e0 03 b5 03 00 04 72 03 15 04 6e 03 3b 04 51 03 5d 04 4c 03 6b 04 39 03 a9 04 3d 03 b1 04 34 03 b2 04 2c 03 c5 04 29 03 cc 04 1c 03 d7 04 1f 03 e2 04 1c 03 e5 04 14 03 0a 05 0e 03 17 05 fe 02 18 05 f1 02 2f 05 ee 02 30 05 e6 02 27 05 de 02 3a 05 dc 02 60 05 d0 02 54 05 ca 02 60 05 bb 02 68 05 ad 02 7d 05 a1 02 ab 05 a0 02 9e 05 93 02 a4 05 8d 02 ae 05 68 02 b1 05 4e 02 bf 05 4a 02 cb 05 3a 02 c4 05 2d 02 a6 05 00 02 78 05 00 02 6e 05 ed 01 83 05 da 01 76 05 b4 01 7b 05 9d 01 59 05 6d 01 51 05 49 01
03 00 00 80 3f 00 00 80 3f 64 00 00 00 00   05 00           1f 03 17 01 3b 03 27 01 78 03 1f 01 8a 03 12 01 60 03 f3 00
03 00 00 80 3f 00 00 80 3f 64 00 00 00 00   0d 00           43 03 8f 01 5b 03 7f 01 73 03 83 01 6b 03 92 01 82 03 9a 01 9b 03 87 01 93 03 76 01 a9 03 74 01 b5 03 7d 01 d8 03 91 01 d3 03 9e 01 70 03 a5 01 58 03 9f 01
03 00 00 80 3f 00 00 80 3f 64 00 00 00 00   07 00           31 03 8c 02 28 03 85 02 97 03 4a 02 97 03 55 02 66 03 74 02 72 03 76 02 6e 03 7d 02
03 00 00 80 3f 00 00 80 3f 64 00 00 00 00   08 00           f3 04 79 02 1c 05 60 02 20 05 68 02 10 05 8d 02 00 05 a3 02 f6 04 9f 02 0c 05 87 02 d2 04 a0 02

SECTION 2----------------------------------------------------------------------------------------------------------------------------------------------------------------------------------------------------------------------------------------------------------------------------------------------------------------------------------------------------------------------------------------------------------------------------------------------------------------------------------------------------------------------------------------------------------------------------------------------------------------------------------------------------------------------------------------------------------------------------------------------------------------------------------------------------------------------------------------------------------------------------------------------------------------------------------------------------------------------------------------------------------------------------------------

HEADER
ff ff 03 00

METADATA                                    # COORDINATES   COORDINATES
08 00 00                                    04 00           dc 02 04 01 6a 03 60 01 8d 02 de 01 fc 01 82 01
08 00 00                                    04 00           ba 03 80 01 c7 03 75 01 d5 03 7f 01 c7 03 89 01
08 00 00                                    03 00           9d 02 81 02 a6 02 79 02 a7 02 86 02
