SECTION 1----------------------------------------------------------------------------------------------------------------------------------------------------------------------------------------------------------------------------------------------------------------------------------------------------------------------------------------------------------------------------------------------------------------------------------------------------------------------------------------------------------------------------------------------------------------------------------------------------------------------------------------------------------------------------------------------------------------------------------------------------------------------------------------------------------------------------------------------------------------------------------------------------------------------------------------------------------------------------------------------------------------------------------------

HEADER
dd 00 2c 00

METADATA                                    # COORDINATES   COORDINATES
01 00 00 80 3f 00 00 80 3f 64 00 00 00 00   04 00           97 03 0f 02 3d 04 55 02 2d 04 64 02 80 03 19 02 
01 00 00 80 3f 00 00 80 3f 64 00 00 00 00   04 00           fe 07 89 04 4e 08 a8 04 3f 08 b6 04 eb 07 99 04 
01 00 00 80 3f 00 00 80 3f 64 00 00 00 00   08 00           fc 05 8f 04 0d 06 96 04 a5 05 ea 04 f8 05 0e 05 8e 05 68 05 78 05 63 05 d5 05 16 05 81 05 f0 04 
01 00 00 80 3f 00 00 80 3f 64 00 00 00 00   04 00           6b 00 ac 02 89 00 9e 02 55 01 f2 02 44 01 03 03 
01 00 00 80 3f 00 00 80 3f 64 00 00 00 00   06 00           4e 00 06 02 5e 00 0c 02 7f 00 f7 01 8c 00 ff 01 02 00 72 02 01 00 46 02 
01 00 00 80 3f 00 00 80 3f 64 00 00 00 00   05 00           cf 07 b4 00 e9 07 a9 00 38 08 da 00 51 08 04 01 4d 08 08 01 
01 00 00 80 3f 00 00 80 3f 64 00 00 00 00   09 00           b2 03 eb 03 8f 03 35 04 3e 03 8d 04 22 02 85 05 dd 01 64 05 43 03 48 04 76 03 f6 03 92 03 87 03 c6 03 8b 03 
01 00 00 80 3f 00 00 80 3f 64 00 00 00 00   04 00           e6 04 6e 02 de 05 6f 02 df 05 86 02 e1 04 81 02
06 00 00 80 3f 00 00 80 3f 64 00 00 00 00   05 00           b9 04 6e 02 e2 04 6e 02 da 04 84 02 bb 04 91 02 a8 04 89 02
06 00 00 80 3f 00 00 80 3f 64 00 00 00 00   04 00           4d 05 bc 05 71 05 c7 05 5f 05 d4 05 4d 05 cc 05
06 00 00 80 3f 00 00 80 3f 64 00 00 00 00   07 00           ff 03 c9 04 3c 04 dc 04 3d 04 f0 04 34 04 f7 04 27 04 dd 04 10 04 e4 04 fb 03 d9 04
06 00 00 80 3f 00 00 80 3f 64 00 00 00 00   04 00           80 04 a6 04 8c 04 b3 04 7d 04 b9 04 70 04 b2 04
06 00 00 80 3f 00 00 80 3f 64 00 00 00 00   04 00           57 04 c5 04 61 04 cc 04 47 04 de 04 3e 04 da 04
06 00 00 80 3f 00 00 80 3f 64 00 00 00 00   04 00           2d 03 2d 04 50 03 2f 04 44 03 44 04 3a 03 46 04
06 00 00 80 3f 00 00 80 3f 64 00 00 00 00   04 00           3c 02 40 03 54 02 3e 03 50 02 49 03 3e 02 49 03
06 00 00 80 3f 00 00 80 3f 64 00 00 00 00   04 00           ec 03 51 02 f8 03 4f 02 02 04 53 02 f6 03 5d 02
06 00 00 80 3f 00 00 80 3f 64 00 00 00 00   04 00           9b 05 6d 02 d3 05 6e 02 c7 05 7a 02 b3 05 78 02
06 00 00 80 3f 00 00 80 3f 64 00 00 00 00   04 00           10 08 ae 04 29 08 b1 04 24 08 bb 04 1d 08 bc 04
05 00 00 80 3f 00 00 80 3f 64 00 00 00 00   06 00           93 00 1b 03 a2 00 0e 03 d6 00 01 03 df 00 13 03 d7 00 27 03 bc 00 30 03
05 00 00 80 3f 00 00 80 3f 64 00 00 00 00   06 00           e8 02 54 03 f8 02 4a 03 0e 03 4d 03 1e 03 5e 03 15 03 69 03 f3 02 69 03
05 00 00 80 3f 00 00 80 3f 64 00 00 00 00   06 00           4b 03 c2 01 44 03 a8 01 52 03 a2 01 81 03 ad 01 8b 03 bf 01 79 03 cd 01
05 00 00 80 3f 00 00 80 3f 64 00 00 00 00   06 00           69 04 88 02 77 04 74 02 8c 04 6e 02 98 04 72 02 9b 04 8c 02 7e 04 91 02
05 00 00 80 3f 00 00 80 3f 64 00 00 00 00   08 00           30 05 ab 02 33 05 a1 02 50 05 97 02 67 05 93 02 8c 05 9e 02 8a 05 ac 02 6d 05 be 02 42 05 c2 02
05 00 00 80 3f 00 00 80 3f 64 00 00 00 00   05 00           46 06 bc 02 65 06 a9 02 7e 06 b3 02 7e 06 bc 02 4f 06 c4 02
05 00 00 80 3f 00 00 80 3f 64 00 00 00 00   05 00           94 06 bd 02 94 06 af 02 a0 06 a8 02 b0 06 b4 02 b1 06 c3 02
05 00 00 80 3f 00 00 80 3f 64 00 00 00 00   07 00           4b 05 d8 03 49 05 ba 03 6b 05 9e 03 87 05 a3 03 94 05 c6 03 b5 05 da 03 b2 05 ef 03
05 00 00 80 3f 00 00 80 3f 64 00 00 00 00   04 00           2e 06 44 04 5d 06 4a 04 5a 06 58 04 33 06 53 04
05 00 00 80 3f 00 00 80 3f 64 00 00 00 00   05 00           9c 08 1d 05 bb 08 04 05 ce 08 05 05 c2 08 17 05 cb 08 21 05
05 00 00 80 3f 00 00 80 3f 64 00 00 00 00   04 00           43 06 d9 04 55 06 da 04 55 06 ec 04 43 06 ea 04
05 00 00 80 3f 00 00 80 3f 64 00 00 00 00   04 00           4d 06 f3 04 5c 06 f9 04 67 06 05 05 4e 06 07 05
03 00 00 80 3f 00 00 80 3f 64 00 00 00 00   2f 00           02 00 c7 00 25 00 d8 00 aa 00 6d 00 2d 01 67 00 e5 01 ae 00 10 02 8e 00 65 02 c7 00 73 03 29 01 ae 03 29 01 cf 03 0e 01 b8 03 ce 00 d1 03 d8 00 f9 03 da 00 04 04 1e 01 e2 03 55 01 33 04 92 01 9d 04 a5 01 f3 04 8b 01 01 05 b8 01 86 05 d0 01 f0 05 bc 01 1a 06 ee 01 61 06 d7 01 b8 06 ec 01 65 06 11 02 4e 06 4d 02 3a 06 70 02 18 06 8f 02 e3 05 7b 02 e3 05 19 02 a3 04 18 02 ac 03 bb 01 8a 03 a9 01 6a 03 90 01 81 03 5c 01 8e 02 f2 00 de 01 7c 01 fa 01 96 01 f6 01 b5 01 c7 01 a3 01 aa 01 86 01 2b 02 23 01 14 02 18 01 ae 00 9d 00 5c 00 d6 00 18 00 fb 00 00 00 f5 00
03 00 00 80 3f 00 00 80 3f 64 00 00 00 00   0a 00           3f 04 57 02 6b 04 63 02 5e 04 82 02 4e 04 81 02 45 04 74 02 3a 04 82 02 45 04 89 02 45 04 91 02 33 04 92 02 1b 04 80 02
03 00 00 80 3f 00 00 80 3f 64 00 00 00 00   05 00           90 07 7f 00 c5 07 75 00 e2 07 aa 00 d0 07 ac 00 a1 07 91 00
03 00 00 80 3f 00 00 80 3f 64 00 00 00 00   0e 00           39 08 da 00 5e 08 f0 00 61 08 ff 00 94 08 f2 00 9d 08 01 01 bb 08 0a 01 8c 08 15 01 af 08 35 01 98 08 48 01 a6 08 64 01 bb 08 65 01 c9 08 85 01 ad 08 7b 01 97 08 6c 01
03 00 00 80 3f 00 00 80 3f 64 00 00 00 00   0b 00           46 08 c3 01 52 08 a3 01 61 08 bf 01 7a 08 ca 01 84 08 e2 01 70 08 fa 01 4e 08 fe 01 44 08 12 02 14 08 30 02 ed 07 2f 02 eb 07 24 02
03 00 00 80 3f 00 00 80 3f 64 00 00 00 00   28 00           82 07 18 03 75 07 ef 02 60 07 e7 02 6b 07 cd 02 7e 07 b8 02 a5 07 a8 02 02 08 9d 02 7a 08 65 02 95 08 5a 02 b0 08 61 02 a3 08 91 02 22 09 d1 02 19 09 b7 02 7e 09 80 02 7e 09 17 03 f3 07 c1 02 ae 07 08 03 c1 07 26 03 ac 07 61 03 e0 07 82 03 2a 08 90 03 5d 08 6a 03 c0 08 a7 03 04 09 8d 03 fc 08 73 03 01 09 5d 03 3e 09 46 03 4f 09 28 03 65 09 16 03 7e 09 1b 03 7c 09 97 04 58 09 ac 04 18 09 8c 04 05 09 9c 04 a5 08 3b 04 5d 08 31 04 00 08 56 04 f7 07 38 04 25 08 1a 04 90 07 61 03
03 00 00 80 3f 00 00 80 3f 64 00 00 00 00   1d 00           b1 06 0c 03 27 07 05 03 50 07 2a 03 48 07 40 03 5e 07 4c 03 26 07 b2 03 d0 06 fe 03 da 06 10 04 bd 06 17 04 a0 06 14 04 9f 06 2b 04 8b 06 27 04 85 06 22 04 69 06 23 04 53 06 1e 04 66 06 04 04 50 06 f1 03 32 06 07 04 14 06 07 04 10 06 f3 03 16 06 dd 03 33 06 da 03 08 06 c5 03 02 06 d1 03 f3 05 d1 03 e6 05 c0 03 d5 05 c4 03 bc 05 c2 03 bc 05 ab 03
03 00 00 80 3f 00 00 80 3f 64 00 00 00 00   06 00           d6 06 32 04 f5 06 39 04 eb 06 44 04 36 07 5c 04 fd 06 61 04 c8 06 4e 04
03 00 00 80 3f 00 00 80 3f 64 00 00 00 00   08 00           8a 08 e5 04 cb 08 d7 04 fe 08 ef 04 0a 09 04 05 f3 08 14 05 e0 08 1f 05 d0 08 19 05 e1 08 fd 04
03 00 00 80 3f 00 00 80 3f 64 00 00 00 00   31 00           63 08 84 05 85 08 a3 05 03 08 0c 06 28 08 0c 06 2e 08 fb 05 42 08 f4 05 51 08 fe 05 52 08 15 06 22 08 2b 06 eb 07 21 06 c6 07 20 06 ca 07 f9 05 9e 07 fe 05 17 07 ec 05 eb 06 e3 05 bf 06 cb 05 93 06 c4 05 6c 06 ca 05 d8 05 a3 05 d1 05 9e 05 88 05 cc 05 27 05 af 05 09 05 bb 05 ab 04 9b 05 a2 04 a6 05 8b 04 ac 05 98 04 66 05 66 04 7c 05 44 04 76 05 54 04 52 05 2c 04 3b 05 3d 05 5f 04 9e 04 19 05 8e 05 6d 05 fc 05 0d 05 ae 05 eb 04 fd 05 aa 04 26 06 c7 04 39 06 f6 04 1a 06 7e 05 64 06 8f 05 a3 06 5b 05 78 06 44 05 5a 06 1f 05 5e 06 12 05 6f 06 0a 05 80 06 f6 04 bf 06 12 05 f5 06 f3 04
03 00 00 80 3f 00 00 80 3f 64 00 00 00 00   13 00           bb 03 d6 03 3c 04 db 03 5d 04 20 04 ac 03 a7 04 fb 03 c9 04 ed 03 f3 04 e7 03 2b 05 00 04 2a 05 03 04 3c 05 e8 03 43 05 46 03 1e 05 69 03 da 04 36 03 b8 04 f0 02 d2 04 41 03 8e 04 58 03 75 04 8f 03 37 04 97 03 2b 04 b4 03 ec 03
03 00 00 80 3f 00 00 80 3f 64 00 00 00 00   2a 00           27 02 5b 03 3c 02 72 03 4a 02 63 03 55 02 69 03 52 02 72 03 63 02 6c 03 5b 02 54 03 64 02 4d 03 66 02 5c 03 70 02 5a 03 81 02 65 03 bf 02 b7 03 9e 02 c3 03 8e 02 bb 03 6f 02 ca 03 8b 02 d7 03 a9 02 ca 03 ca 02 ed 03 b2 02 06 04 7f 02 0f 04 89 02 2b 04 32 03 f6 03 4a 03 fc 03 48 03 0c 04 23 03 1c 04 3a 03 4d 04 1f 03 62 04 e2 02 93 04 ae 02 a5 04 54 02 9e 04 56 02 d7 04 da 01 c1 04 d4 01 71 04 3f 01 90 03 bc 00 69 03 7f 00 29 03 8c 00 20 03 dc 00 36 03 da 00 24 03 f0 00 07 03 f0 00 f7 02 02 01 f0 02
03 00 00 80 3f 00 00 80 3f 64 00 00 00 00   0c 00           03 00 97 02 0b 00 a2 02 37 00 a2 02 34 00 87 02 47 00 8c 02 51 00 a5 02 42 00 a8 02 4f 00 c0 02 aa 00 fe 02 9f 00 10 03 57 00 fc 02 00 00 01 03
03 00 00 80 3f 00 00 80 3f 64 00 00 00 00   1d 00           7f 03 a9 02 b3 03 a5 02 d4 03 cf 02 f1 03 da 02 e9 03 f1 02 f8 03 13 03 14 04 12 03 1f 04 25 03 e8 03 52 03 2c 04 4f 03 3b 04 6d 03 30 04 80 03 fe 03 8d 03 80 03 81 03 5e 03 7a 03 64 03 63 03 4e 03 48 03 37 03 41 03 3d 03 11 03 5e 03 fc 02 2f 03 fb 02 37 03 da 02 26 03 dc 02 f6 02 98 02 ef 02 a5 02 de 02 94 02 da 02 7d 02 0f 03 9d 02 52 03 f7 02

SECTION 2----------------------------------------------------------------------------------------------------------------------------------------------------------------------------------------------------------------------------------------------------------------------------------------------------------------------------------------------------------------------------------------------------------------------------------------------------------------------------------------------------------------------------------------------------------------------------------------------------------------------------------------------------------------------------------------------------------------------------------------------------------------------------------------------------------------------------------------------------------------------------------------------------------------------------------------------------------------------------------------------------------------------------------------

HEADER
d4 00 01 00

METADATA                                    # COORDINATES   COORDINATES
01 00 00 80 3f 00 00 80 3f 64 00 00 00 00   04 00           4a 03 53 06 65 03 3e 06 83 03 4e 06 71 03 68 06

SECTION 3----------------------------------------------------------------------------------------------------------------------------------------------------------------------------------------------------------------------------------------------------------------------------------------------------------------------------------------------------------------------------------------------------------------------------------------------------------------------------------------------------------------------------------------------------------------------------------------------------------------------------------------------------------------------------------------------------------------------------------------------------------------------------------------------------------------------------------------------------------------------------------------------------------------------------------------------------------------------------------------------------------------------------------------

HEADER
d2 00 01 00 

METADATA                                    # COORDINATES   COORDINATES
01 00 00 80 3f 00 00 80 3f 64 00 00 00 00   04 00           74 03 69 06 86 03 52 06 98 03 5b 06 82 03 70 06

SECTION 4----------------------------------------------------------------------------------------------------------------------------------------------------------------------------------------------------------------------------------------------------------------------------------------------------------------------------------------------------------------------------------------------------------------------------------------------------------------------------------------------------------------------------------------------------------------------------------------------------------------------------------------------------------------------------------------------------------------------------------------------------------------------------------------------------------------------------------------------------------------------------------------------------------------------------------------------------------------------------------------------------------------------------------------

HEADER
ff ff 01 00

METADATA                                    # COORDINATES   COORDINATES
05 00 00 80 3f 00 00 80 3f 64 00 00 00 00   b3 00           4e 00 5d 05 90 00 72 05 71 00 8a 05 e4 00 8f 05 e5 00 87 05 f7 00 8d 05 0e 01 83 05 5c 01 88 05 4d 01 96 05 37 01 9f 05 3a 01 b0 05 57 01 af 05 61 01 b6 05 7d 01 b2 05 94 01 a2 05 a3 01 a6 05 ab 01 b4 05 ca 01 b4 05 e8 01 ac 05 e8 01 c9 05 ef 01 f0 05 dd 01 ff 05 ef 01 16 06 db 01 1a 06 d2 01 08 06 cb 01 0c 06 d5 01 1e 06 b0 01 21 06 b4 01 2d 06 d1 01 28 06 de 01 37 06 a9 01 3e 06 79 01 2d 06 75 01 37 06 9b 01 42 06 86 01 44 06 88 01 4f 06 a9 01 4b 06 b2 01 53 06 99 01 53 06 a4 01 5e 06 b9 01 5e 06 bd 01 80 06 ca 01 7c 06 c6 01 62 06 da 01 63 06 42 02 67 06 3d 02 60 06 f3 01 60 06 f3 01 64 06 dc 01 62 06 da 01 58 06 c2 01 57 06 bb 01 4e 06 c6 01 47 06 eb 01 3e 06 f0 01 49 06 c8 01 51 06 d1 01 5a 06 12 02 43 06 11 02 40 06 f7 01 45 06 f3 01 3b 06 fb 01 39 06 06 02 3e 06 0a 02 1c 06 ff 01 1e 06 fb 01 2d 06 e8 01 31 06 e4 01 26 06 f7 01 1f 06 fd 01 17 06 01 02 02 06 0c 02 00 06 19 02 08 06 1a 02 22 06 1c 02 31 06 2b 02 24 06 42 02 26 06 42 02 32 06 17 02 3d 06 1a 02 42 06 51 02 32 06 55 02 21 06 6f 02 16 06 7a 02 3b 06 d2 02 57 06 ea 02 4c 06 df 02 3b 06 c2 02 42 06 b8 02 4e 06 80 02 3c 06 ce 02 28 06 10 03 3f 06 14 03 48 06 1f 03 48 06 26 03 58 06 37 03 5c 06 50 03 70 06 5a 03 7c 06 6d 03 83 06 6b 03 ad 06 b5 03 d0 06 c4 03 df 06 fb 03 ee 06 48 04 e6 06 74 04 ed 06 ac 04 ff 06 50 02 fe 06 51 02 e1 06 79 02 dd 06 9d 02 ba 06 92 02 a7 06 a5 02 a4 06 a3 02 9a 06 5b 02 aa 06 37 02 8d 06 2c 02 8f 06 47 02 a8 06 47 02 b8 06 62 02 b4 06 5d 02 bc 06 23 02 bc 06 28 02 c2 06 4a 02 c3 06 24 02 ea 06 32 02 ed 06 50 02 ca 06 4e 02 e6 06 50 02 ff 06 63 01 fe 06 5a 01 dc 06 46 01 c3 06 72 01 c4 06 b4 01 aa 06 b0 01 a1 06 70 01 b9 06 6f 01 c3 06 44 01 c3 06 6e 01 a8 06 a7 01 97 06 b2 01 9d 06 f3 01 87 06 ad 01 96 06 aa 01 8c 06 6a 01 a0 06 68 01 a9 06 41 01 c1 06 5b 01 8f 06 51 01 8e 06 41 01 ac 06 39 01 ae 06 37 01 9c 06 24 01 9c 06 1d 01 a5 06 1c 01 9c 06 10 01 9e 06 0d 01 b4 06 ff 00 c7 06 f6 00 c5 06 ff 00 8a 06 0f 01 7d 06 d8 00 2b 06 cd 00 31 06 d5 00 3d 06 aa 00 60 06 93 00 34 06 71 00 11 06 5e 00 0e 06 3e 00 53 06 45 00 94 06 00 00 93 06 00 00 70 05 00 00 25 05 12 00 33 05 0b 00 6a 05 32 00 87 05 4c 00 91 05 52 00 7c 05
