SECTION 1----------------------------------------------------------------------------------------------------------------------------------------------------------------------------------------------------------------------------------------------------------------------------------------------------------------------------------------------------------------------------------------------------------------------------------------------------------------------------------------------------------------------------------------------------------------------------------------------------------------------------------------------------------------------------------------------------------------------------------------------------------------------------------------------------------------------------------------------------------------------------------------------------------------------------------------------------------------------------------------------------------------------------------------

HEADER
ff ff 3d 00

METADATA                                    # COORDINATES   COORDINATES
01 00 00 80 3f 00 00 80 3f 64 00 00 00 00   04 00           f5 03 89 01 9d 04 e9 01 81 04 f7 01 e2 03 99 01
01 00 00 80 3f 00 00 80 3f 64 00 00 00 00   09 00           ac 03 8a 02 1f 03 26 02 43 03 13 02 d2 03 73 02 ed 03 82 02 ea 03 a5 02 5f 03 f6 02 46 03 e3 02 ac 03 a6 02
01 00 00 80 3f 00 00 80 3f 64 00 00 00 00   04 00           80 02 56 03 2b 03 f5 02 41 03 01 03 97 02 64 03
01 00 00 80 3f 00 00 80 3f 64 00 00 00 00   04 00           f9 01 31 04 39 02 0a 04 50 02 18 04 0e 02 3f 04
01 00 00 80 3f 00 00 80 3f 64 00 00 00 00   04 00           c1 00 53 05 37 01 99 05 1e 01 aa 05 aa 00 64 05
01 00 00 80 3f 00 00 80 3f 64 00 00 00 00   0a 00           24 03 bb 03 04 04 38 04 ff 03 43 04 a5 04 a4 04 e5 04 a1 04 0d 06 f1 03 33 06 08 04 e7 04 c5 04 9e 04 c6 04 02 03 d0 03
01 00 00 80 3f 00 00 80 3f 64 00 00 00 00   06 00           01 07 f8 04 55 08 27 04 c7 08 62 04 99 08 7d 04 c8 08 9b 04 8b 07 4f 05
01 00 00 80 3f 00 00 80 3f 64 00 00 00 00   04 00           c7 04 73 02 f2 04 7a 02 e8 04 98 02 ba 04 8e 02
01 00 00 80 3f 00 00 80 3f 64 00 00 00 00   04 00           54 07 95 05 7e 07 a7 05 11 07 e8 05 e8 06 cf 05
01 00 00 80 3f 00 00 80 3f 64 00 00 00 00   04 00           51 02 c3 01 6e 02 b3 01 ed 02 fb 01 cb 02 0a 02
01 00 00 80 3f 00 00 80 3f 64 00 00 00 00   04 00           30 00 ea 05 48 00 e8 05 55 00 03 06 3c 00 0b 06
01 00 00 80 3f 00 00 80 3f 64 00 00 00 00   04 00           b6 00 bc 06 22 01 a0 06 33 01 b2 06 fe 00 bf 06
06 00 00 80 3f 00 00 80 3f 64 00 00 00 00   05 00           29 09 61 03 39 09 59 03 45 09 59 03 4d 09 6f 03 3f 09 75 03
06 00 00 80 3f 00 00 80 3f 64 00 00 00 00   04 00           5f 09 54 03 71 09 53 03 6a 09 65 03 5c 09 63 03
06 00 00 80 3f 00 00 80 3f 64 00 00 00 00   04 00           88 09 9c 04 a5 09 9d 04 a4 09 ab 04 91 09 ae 04
06 00 00 80 3f 00 00 80 3f 64 00 00 00 00   04 00           57 09 b1 04 71 09 ad 04 6b 09 bc 04 5e 09 bc 04
06 00 00 80 3f 00 00 80 3f 64 00 00 00 00   05 00           7c 08 2e 05 94 08 2e 05 97 08 53 05 84 08 5b 05 68 08 44 05
06 00 00 80 3f 00 00 80 3f 64 00 00 00 00   04 00           0b 09 3d 05 1f 09 3c 05 1e 09 44 05 0d 09 46 05
06 00 00 80 3f 00 00 80 3f 64 00 00 00 00   04 00           02 09 54 05 1b 09 57 05 15 09 65 05 03 09 65 05
06 00 00 80 3f 00 00 80 3f 64 00 00 00 00   04 00           28 09 5a 05 45 09 59 05 3c 09 66 05 31 09 66 05
06 00 00 80 3f 00 00 80 3f 64 00 00 00 00   04 00           19 08 72 05 32 08 72 05 31 08 81 05 1e 08 80 05
06 00 00 80 3f 00 00 80 3f 64 00 00 00 00   04 00           2e 02 e5 04 4b 02 ed 04 34 02 00 05 15 02 f4 04
06 00 00 80 3f 00 00 80 3f 64 00 00 00 00   04 00           09 01 4d 03 26 01 57 03 15 01 64 03 fd 00 59 03
06 00 00 80 3f 00 00 80 3f 64 00 00 00 00   06 00           4c 01 8b 04 5b 01 88 04 67 01 94 04 6b 01 b0 04 57 01 b9 04 5b 01 9f 04
06 00 00 80 3f 00 00 80 3f 64 00 00 00 00   04 00           01 07 42 06 1b 07 47 06 18 07 54 06 01 07 4f 06
06 00 00 80 3f 00 00 80 3f 64 00 00 00 00   04 00           b1 06 45 06 cc 06 43 06 c6 06 50 06 b7 06 51 06
06 00 00 80 3f 00 00 80 3f 64 00 00 00 00   04 00           b2 06 61 06 cf 06 61 06 c6 06 6e 06 b8 06 6e 06
03 00 00 80 3f 00 00 80 3f 64 00 00 00 00   04 00           b8 00 00 00 da 00 00 00 f8 00 14 00 e3 00 1a 00
03 00 00 80 3f 00 00 80 3f 64 00 00 00 00   20 00           5a 01 33 00 75 01 3e 00 cd 01 35 00 09 02 55 00 29 02 41 00 79 02 90 00 c4 02 b2 00 25 03 f2 00 5b 03 21 01 ed 03 44 01 e7 03 77 01 c2 03 7b 01 94 03 56 01 6e 03 57 01 77 03 40 01 4c 03 2f 01 2b 03 17 01 10 03 19 01 00 03 02 01 09 03 fc 00 e1 02 e4 00 b4 02 ef 00 93 02 e0 00 a5 02 ca 00 83 02 c0 00 67 02 a0 00 1b 02 7a 00 1b 02 5e 00 c6 01 53 00 bc 01 42 00 73 01 44 00 5f 01 3f 00
03 00 00 80 3f 00 00 80 3f 64 00 00 00 00   0f 00           9c 04 ed 01 04 05 b8 01 b5 04 8a 01 19 05 54 01 24 05 13 01 3d 05 44 01 c2 05 43 01 b0 05 f4 00 e4 05 08 01 71 06 a3 01 4b 06 b3 01 52 06 cc 01 3c 06 ce 01 1e 06 bb 01 2e 05 da 01
03 00 00 80 3f 00 00 80 3f 64 00 00 00 00   10 00           3b 06 05 02 4f 06 e1 01 75 06 da 01 95 06 e3 01 a1 06 da 01 b5 06 e9 01 f1 06 ff 01 45 07 3d 02 ca 06 2c 02 c2 06 38 02 ae 06 38 02 8d 06 41 02 a3 06 52 02 a3 06 5c 02 51 06 6f 02 3b 06 1e 02
03 00 00 80 3f 00 00 80 3f 64 00 00 00 00   20 00           fa 05 84 02 35 06 8b 02 35 06 98 02 24 06 a9 02 17 06 cc 02 16 06 de 02 f1 05 eb 02 11 06 f1 02 24 06 ef 02 2f 06 f5 02 1c 06 08 03 e6 05 0e 03 ba 05 2f 03 71 05 4c 03 71 05 40 03 88 05 2f 03 aa 05 22 03 be 05 23 03 c8 05 07 03 a6 05 0c 03 76 05 fc 02 74 05 ed 02 59 05 fd 02 9b 05 14 03 50 05 49 03 37 05 55 03 5b 05 6d 03 22 05 89 03 c1 04 51 03 a2 04 c1 02 b7 04 ba 02 a8 04 af 02
03 00 00 80 3f 00 00 80 3f 64 00 00 00 00   0a 00           51 06 9c 02 ce 06 cf 02 ab 06 d5 02 a6 06 e1 02 bc 06 e5 02 e6 06 10 03 58 06 f1 02 48 06 ee 02 3f 06 d2 02 42 06 b9 02
03 00 00 80 3f 00 00 80 3f 64 00 00 00 00   08 00           b6 07 99 02 11 08 b0 02 45 08 df 02 db 07 21 03 e1 07 03 03 c8 07 fe 02 c2 07 e3 02 a7 07 dc 02
03 00 00 80 3f 00 00 80 3f 64 00 00 00 00   0a 00           21 09 e7 02 f8 09 d0 02 f8 09 2f 03 c5 09 34 03 dd 09 0f 03 b8 09 0d 03 ba 09 f7 02 98 09 08 03 7a 09 10 03 5c 09 10 03
03 00 00 80 3f 00 00 80 3f 64 00 00 00 00   06 00           10 09 08 03 21 09 19 03 45 09 21 03 5b 09 2b 03 5f 09 38 03 18 09 31 03
03 00 00 80 3f 00 00 80 3f 64 00 00 00 00   09 00           f9 09 9c 03 f9 09 c2 03 a0 09 bf 03 81 09 a8 03 8e 09 95 03 ab 09 93 03 94 09 9f 03 a0 09 bb 03 c2 09 9c 03
03 00 00 80 3f 00 00 80 3f 64 00 00 00 00   1e 00           23 09 71 03 3a 09 72 03 28 09 8d 03 4f 09 84 03 4a 09 92 03 24 09 97 03 22 09 af 03 52 09 a8 03 66 09 b4 03 62 09 cb 03 5a 09 e6 03 50 09 ff 03 41 09 01 04 54 09 0a 04 6a 09 fb 03 6c 09 ee 03 85 09 ed 03 a8 09 eb 03 c1 09 ec 03 c7 09 fd 03 da 09 ff 03 cd 09 12 04 9c 09 25 04 72 09 32 04 28 09 4f 04 10 09 63 04 ca 08 6d 04 c1 08 57 04 ee 08 01 04 d5 08 a8 03
03 00 00 80 3f 00 00 80 3f 64 00 00 00 00   19 00           fc 09 48 04 fd 09 70 04 fe 09 36 05 bb 09 97 05 50 09 8b 05 5b 09 5a 05 23 09 3c 05 38 09 30 05 23 09 0e 05 e0 08 1d 05 da 08 0f 05 e9 08 f1 04 fc 08 e8 04 1c 09 e4 04 12 09 0f 05 27 09 0c 05 34 09 e4 04 75 09 ea 04 74 09 b6 04 6b 09 99 04 7f 09 94 04 93 09 b5 04 fc 09 a9 04 fc 09 7e 04 d9 09 5b 04
03 00 00 80 3f 00 00 80 3f 64 00 00 00 00   14 00           c9 08 1a 05 e9 08 46 05 d4 08 62 05 b5 08 6b 05 b3 08 81 05 9a 08 cb 05 2e 09 c3 05 79 09 f4 05 ea 08 49 06 c8 08 14 06 84 08 f6 05 71 08 05 06 51 08 01 06 41 08 d2 05 3f 08 ad 05 5f 08 87 05 71 08 59 05 88 08 5f 05 a3 08 4b 05 9d 08 25 05
03 00 00 80 3f 00 00 80 3f 64 00 00 00 00   0e 00           b4 05 bf 06 00 07 00 06 0c 07 1f 06 d7 06 29 06 ac 06 43 06 b3 06 6e 06 f7 06 7a 06 e2 06 5c 06 fd 06 4f 06 19 07 57 06 20 07 3a 06 38 07 2c 06 44 07 3e 06 2b 07 bf 06
03 00 00 80 3f 00 00 80 3f 64 00 00 00 00   0e 00           df 05 11 05 14 06 17 05 03 06 54 05 3e 06 59 05 6a 06 33 05 6c 06 1e 05 81 06 4a 05 7d 06 59 05 23 06 68 05 ef 05 6b 05 08 06 7b 05 03 06 89 05 e5 05 8f 05 35 05 56 05
03 00 00 80 3f 00 00 80 3f 64 00 00 00 00   06 00           7d 03 87 06 c7 03 9d 06 d3 03 96 06 e6 03 99 06 23 04 be 06 87 03 bf 06
03 00 00 80 3f 00 00 80 3f 64 00 00 00 00   06 00           a8 03 df 05 ba 03 f1 05 ac 03 2e 06 74 03 3e 06 5d 03 2e 06 5b 03 10 06
03 00 00 80 3f 00 00 80 3f 64 00 00 00 00   07 00           2d 04 21 05 39 04 20 05 35 04 36 05 be 03 77 05 99 03 7a 05 82 03 87 05 6c 03 83 05
03 00 00 80 3f 00 00 80 3f 64 00 00 00 00   04 00           5b 03 3b 05 37 03 4e 05 52 03 69 05 7d 03 50 05
03 00 00 80 3f 00 00 80 3f 64 00 00 00 00   04 00           29 03 eb 04 5e 03 07 05 2a 03 27 05 21 03 08 05
03 00 00 80 3f 00 00 80 3f 64 00 00 00 00   07 00           df 02 c2 04 0b 03 99 04 1f 03 b4 04 0b 03 cc 04 eb 02 e2 04 d5 02 e2 04 be 02 ca 04
03 00 00 80 3f 00 00 80 3f 64 00 00 00 00   07 00           5d 02 6e 05 72 02 6a 05 7b 02 7b 05 92 02 7d 05 ae 02 a7 05 86 02 b6 05 5c 02 9c 05
03 00 00 80 3f 00 00 80 3f 64 00 00 00 00   05 00           4e 01 21 05 cd 01 71 05 79 01 67 05 55 01 59 05 40 01 36 05
03 00 00 80 3f 00 00 80 3f 64 00 00 00 00   15 00           69 01 0c 06 47 01 13 06 ff 00 04 06 ea 00 05 06 01 01 f4 05 00 01 d8 05 e8 00 ea 05 cd 00 f8 05 87 00 d0 05 4b 00 e7 05 2d 00 e8 05 11 00 fb 05 01 00 e5 05 00 00 62 05 3e 00 30 05 8a 00 64 05 1d 00 ac 05 4f 00 cc 05 1a 01 b2 05 57 01 91 05 72 01 a2 05
03 00 00 80 3f 00 00 80 3f 64 00 00 00 00   09 00           29 01 9d 04 59 01 9e 04 54 01 b9 04 3f 01 cc 04 3b 01 db 04 1f 01 f1 04 fa 00 06 05 d5 00 17 05 b5 00 0f 05
03 00 00 80 3f 00 00 80 3f 64 00 00 00 00   0b 00           1c 00 e1 04 25 00 f7 04 3b 00 04 05 55 00 12 05 7b 00 1f 05 93 00 29 05 76 00 2e 05 3f 00 1d 05 1d 00 05 05 0c 00 ef 04 10 00 dc 04
03 00 00 80 3f 00 00 80 3f 64 00 00 00 00   08 00           45 00 3c 04 5c 00 45 04 7e 00 38 04 55 00 70 04 23 00 8f 04 1f 00 b5 04 02 00 d4 04 00 00 63 04
03 00 00 80 3f 00 00 80 3f 64 00 00 00 00   09 00           14 01 c5 03 6c 01 d8 03 3d 01 0b 04 86 01 31 04 c6 01 1c 04 dd 01 39 04 77 01 39 04 2c 01 16 04 0e 01 f7 03
03 00 00 80 3f 00 00 80 3f 64 00 00 00 00   09 00           72 01 ea 02 40 01 e6 02 34 01 fd 02 28 01 06 03 33 01 27 03 50 01 43 03 4b 01 4b 03 00 01 26 03 49 01 d1 02
03 00 00 80 3f 00 00 80 3f 64 00 00 00 00   04 00           31 02 53 01 c5 02 7d 01 d1 01 0c 02 61 01 be 01
03 00 00 80 3f 00 00 80 3f 64 00 00 00 00   05 00           e8 02 b9 01 0c 03 a6 01 40 03 c4 01 78 03 f4 01 ee 02 d4 01
03 00 00 80 3f 00 00 80 3f 64 00 00 00 00   04 00           5b 02 46 06 8c 02 32 06 58 02 6e 06 38 02 78 06
03 00 00 80 3f 00 00 80 3f 64 00 00 00 00   07 00           16 03 b5 05 34 03 a6 05 37 03 b1 05 28 03 bb 05 2b 03 c9 05 13 03 d3 05 0c 03 ce 05
03 00 00 80 3f 00 00 80 3f 64 00 00 00 00   05 00           11 04 40 06 65 04 0f 06 aa 04 0b 06 23 05 50 06 a5 04 84 06

SECTION 2----------------------------------------------------------------------------------------------------------------------------------------------------------------------------------------------------------------------------------------------------------------------------------------------------------------------------------------------------------------------------------------------------------------------------------------------------------------------------------------------------------------------------------------------------------------------------------------------------------------------------------------------------------------------------------------------------------------------------------------------------------------------------------------------------------------------------------------------------------------------------------------------------------------------------------------------------------------------------------------------------------------------------------------

HEADER
a5 01 05 00

METADATA                                    # COORDINATES   COORDINATES
01 00 00 80 3f 00 00 80 3f 64 00 00 00 00   04 00           b9 04 09 00 d9 04 1a 00 49 04 6e 00 28 04 59 00
06 00 00 80 3f 00 00 80 3f 64 00 00 00 00   04 00           b8 04 af 00 c8 04 aa 00 ed 04 ba 00 dc 04 c9 00
03 00 00 80 3f 00 00 80 3f 64 00 00 00 00   11 00           c3 03 22 00 49 04 6f 00 66 04 60 00 6d 04 69 00 42 04 7e 00 f0 03 65 00 eb 03 84 00 ff 03 9a 00 5d 04 a7 00 89 04 9c 00 88 04 b3 00 58 04 be 00 64 04 ed 00 02 04 f7 00 c1 03 e9 00 a2 03 ca 00 a0 03 2a 00
03 00 00 80 3f 00 00 80 3f 64 00 00 00 00   0b 00           b9 04 00 00 2c 05 00 00 40 05 55 00 1b 05 57 00 fd 04 48 00 cc 04 51 00 cc 04 48 00 df 04 3f 00 c8 04 3a 00 d9 04 1a 00 bb 04 07 00
03 00 00 80 3f 00 00 80 3f 64 00 00 00 00   09 00           20 05 7e 00 3e 05 7e 00 3e 05 97 00 2e 05 ae 00 1c 05 ab 00 1b 05 9d 00 29 05 98 00 2b 05 8e 00 20 05 87 00

SECTION 3----------------------------------------------------------------------------------------------------------------------------------------------------------------------------------------------------------------------------------------------------------------------------------------------------------------------------------------------------------------------------------------------------------------------------------------------------------------------------------------------------------------------------------------------------------------------------------------------------------------------------------------------------------------------------------------------------------------------------------------------------------------------------------------------------------------------------------------------------------------------------------------------------------------------------------------------------------------------------------------------------------------------------------------

HEADER
9e 01 0a 00

METADATA                                    # COORDINATES   COORDINATES
01 00 00 80 3f 00 00 80 3f 64 00 00 00 00   04 00           9f 08 cd 02 12 09 8a 02 44 09 a5 02 ce 08 ea 02
01 00 00 80 3f 00 00 80 3f 64 00 00 00 00   04 00           39 05 5c 00 a9 05 48 00 b8 05 68 00 45 05 7b 00
06 00 00 80 3f 00 00 80 3f 64 00 00 00 00   04 00           29 08 2f 01 49 08 1a 01 51 08 29 01 3c 08 3c 01
06 00 00 80 3f 00 00 80 3f 64 00 00 00 00   04 00           ac 08 d8 00 ce 08 da 00 d0 08 f3 00 a5 08 f0 00
03 00 00 80 3f 00 00 80 3f 64 00 00 00 00   07 00           90 05 01 00 ce 05 28 00 33 06 00 00 8c 06 00 00 3a 06 22 00 ac 05 42 00 6f 05 00 00
03 00 00 80 3f 00 00 80 3f 64 00 00 00 00   23 00           cf 05 68 00 7e 06 2e 00 c8 06 00 00 40 09 01 00 a8 08 d6 00 96 08 ff 00 76 08 16 01 58 08 11 01 3b 08 1e 01 06 07 b1 00 e0 06 bd 00 bf 06 04 01 c5 06 34 01 e8 06 50 01 2b 07 6c 01 5a 07 8b 01 7f 07 92 01 9e 07 ab 01 e2 07 ca 01 09 08 03 02 19 08 f9 01 24 08 00 02 3d 08 f9 01 60 08 20 02 5b 08 33 02 73 08 37 02 81 08 5b 02 a5 08 4c 02 bb 08 50 02 0f 09 62 02 23 09 77 02 08 09 87 02 85 08 8b 02 d9 07 22 02 19 07 b1 01
03 00 00 80 3f 00 00 80 3f 64 00 00 00 00   05 00           dc 06 09 01 ff 06 14 01 ab 07 8c 01 12 07 4e 01 e2 06 32 01
03 00 00 80 3f 00 00 80 3f 64 00 00 00 00   08 00           11 09 02 01 fe 09 78 01 fe 09 90 01 fe 09 bb 01 a0 09 e5 01 90 09 9c 01 85 09 8b 01 92 09 5c 01
03 00 00 80 3f 00 00 80 3f 64 00 00 00 00   06 00           a6 09 5a 02 e1 09 36 02 ea 09 4d 02 fc 09 52 02 bc 09 8d 02 7b 09 86 02
03 00 00 80 3f 00 00 80 3f 64 00 00 00 00   07 00           38 08 c1 01 74 08 ca 01 b1 08 dc 01 dc 08 f2 01 cf 08 fb 01 98 08 f7 01 79 08 ec 01

SECTION 4----------------------------------------------------------------------------------------------------------------------------------------------------------------------------------------------------------------------------------------------------------------------------------------------------------------------------------------------------------------------------------------------------------------------------------------------------------------------------------------------------------------------------------------------------------------------------------------------------------------------------------------------------------------------------------------------------------------------------------------------------------------------------------------------------------------------------------------------------------------------------------------------------------------------------------------------------------------------------------------------------------------------------------------

HEADER
ff ff 29 00

METADATA                                    # COORDINATES   COORDINATES
08 00 00                                    04 00           05 02 27 03 46 02 4d 03 37 02 58 03 01 02 2a 03
08 00 00                                    09 00           1a 03 9b 03 8e 03 54 03 a8 03 5e 03 4f 04 00 03 a7 04 24 03 c8 03 a0 03 8c 03 7e 03 19 03 c3 03 fe 02 b5 03
08 00 00                                    06 00           b4 03 09 04 b0 04 99 04 a1 04 aa 04 f7 03 48 04 f9 03 42 04 aa 03 16 04
08 00 00                                    16 00           ac 04 3b 02 df 04 45 02 51 05 1d 02 48 05 f9 01 53 05 e9 01 6a 05 e3 01 a2 05 f0 01 e4 05 12 02 9c 05 35 02 a0 05 3e 02 f7 05 1f 02 05 06 1f 02 03 06 12 02 0a 06 08 02 12 06 08 02 19 06 13 02 1a 06 36 02 6c 05 69 02 d2 04 c0 02 b3 04 a5 02 b2 04 67 02 a4 04 53 02
08 00 00                                    06 00           1b 04 36 01 d3 04 a1 01 74 04 e4 01 c6 03 81 01 e0 03 75 01 ca 03 61 01
08 00 00                                    08 00           3a 06 21 02 2b 06 fe 01 31 06 f6 01 40 06 f8 01 5a 06 06 02 b6 06 fa 01 26 07 1e 02 a0 06 0c 02
08 00 00                                    08 00           6e 06 98 02 cd 06 5b 02 c2 06 4e 02 ce 06 45 02 d4 06 38 02 1b 07 16 02 48 07 32 02 7e 06 ae 02
08 00 00                                    0d 00           95 07 7d 02 54 08 dc 02 14 08 02 03 f3 07 fa 02 e8 07 ee 02 e8 07 d5 02 ed 07 cc 02 cb 07 bf 02 c5 07 b4 02 b6 07 c1 02 92 07 ba 02 8f 07 ac 02 7c 07 9e 02
08 00 00                                    04 00           db 06 0a 01 2b 07 b0 00 77 07 db 00 f8 06 23 01
08 00 00                                    07 00           e7 07 a1 00 16 08 92 00 72 08 b8 00 4d 08 d1 00 29 08 d0 00 2f 08 c3 00 f0 07 c5 00
08 00 00                                    05 00           e0 08 14 00 a0 08 43 00 a4 08 5e 00 cb 08 68 00 fa 08 1c 00
08 00 00                                    05 00           a2 05 26 03 bd 05 23 03 d2 05 30 03 b4 05 3e 03 a1 05 31 03
08 00 00                                    06 00           d8 04 3f 03 16 05 3f 03 3b 05 55 03 2d 05 8c 03 71 04 02 04 fb 03 bd 03
08 00 00                                    04 00           8e 05 39 04 0e 06 f0 03 14 06 fb 03 98 05 43 04
08 00 00                                    05 00           94 06 ac 04 db 07 e1 03 08 08 fc 03 b8 06 ca 04 ae 06 b4 04
08 00 00                                    07 00           0d 08 4f 04 57 08 79 04 4f 08 7f 04 3e 08 7a 04 16 08 94 04 0f 08 aa 04 b9 07 76 04
08 00 00                                    05 00           d4 08 bb 03 f7 08 95 03 38 09 b9 03 38 09 cf 03 eb 08 c9 03
08 00 00                                    09 00           01 06 71 05 17 06 72 05 36 06 86 05 54 06 91 05 27 06 bb 05 ea 05 a3 05 f6 05 8a 05 00 06 88 05 fe 05 80 05
08 00 00                                    14 00           0c 04 41 06 93 04 fa 05 b0 04 08 06 3e 05 b8 05 e0 05 13 06 bd 05 25 06 b3 05 3e 06 a6 05 32 06 ab 05 1b 06 84 05 30 06 9d 05 3c 06 4d 05 62 06 26 05 4a 06 fc 04 60 06 a2 04 61 06 6c 04 7f 06 38 04 6f 06 2f 04 5d 06 0b 04 60 06 fe 03 4d 06
08 00 00                                    0b 00           2e 03 04 05 48 03 f2 04 25 03 e2 04 40 03 af 04 36 03 a6 04 46 03 9b 04 7e 03 ae 04 b2 03 de 04 45 03 28 05 2e 03 38 05 37 03 22 05
08 00 00                                    05 00           58 01 2c 05 49 01 11 05 61 02 72 04 72 02 7a 04 07 02 c9 04
08 00 00                                    06 00           1a 01 69 04 59 01 64 04 77 01 76 04 81 01 a6 04 4d 01 c7 04 17 01 9b 04
08 00 00                                    09 00           79 01 9f 05 a1 01 b3 05 6f 01 08 06 5f 01 10 06 55 01 0b 06 50 01 13 06 35 01 19 06 04 01 ef 05 1d 01 d5 05
08 00 00                                    04 00           14 00 a2 05 8a 00 5b 05 9a 00 66 05 23 00 b0 05
08 00 00                                    0e 00           32 00 93 04 40 00 95 04 5f 00 7d 04 61 00 66 04 6f 00 64 04 92 00 76 04 b1 00 6d 04 f1 00 ab 04 b9 00 d0 04 51 00 f2 04 30 00 cd 04 5b 00 b7 04 3a 00 ad 04 2e 00 9e 04
08 00 00                                    0c 00           ee 00 d1 03 ff 00 ca 03 f8 00 c0 03 2e 01 c5 03 2e 01 ab 03 75 01 ab 03 b5 01 da 03 45 01 15 04 22 01 00 04 27 01 ea 03 12 01 ed 03 fc 00 e4 03
08 00 00                                    04 00           5a 03 57 05 73 03 3f 05 89 03 4f 05 65 03 65 05
08 00 00                                    05 00           8c 03 07 06 9a 04 6e 05 c7 04 88 05 1b 04 f2 05 9a 03 24 06
08 00 00                                    05 00           52 02 a3 06 f1 02 78 06 39 03 ab 06 11 03 bc 06 5f 02 bc 06
08 00 00                                    05 00           d0 06 a4 06 0f 07 8c 06 4b 07 b3 06 36 07 be 06 d3 06 bf 06
08 00 00                                    12 00           96 08 cb 05 a6 08 c1 05 38 09 c4 05 fe 09 2e 06 fd 09 6b 06 9a 09 a4 06 75 09 a3 06 59 09 92 06 24 09 87 06 0f 09 78 06 3b 09 80 06 1a 09 67 06 0a 09 66 06 e0 08 50 06 c9 08 39 06 10 09 0f 06 fa 08 03 06 ce 08 0f 06
08 00 00                                    0b 00           1f 09 45 05 2c 09 37 05 3e 09 30 05 3c 09 14 05 aa 09 21 05 e1 09 5c 05 94 09 89 05 83 09 7d 05 5b 09 82 05 4f 09 6d 05 38 09 70 05
08 00 00                                    05 00           b0 09 e9 04 eb 09 da 04 fd 09 b6 04 fe 09 1b 05 c5 09 04 05
08 00 00                                    04 00           ed 06 11 03 06 07 22 03 c7 06 46 03 b9 06 2e 03
08 00 00                                    04 00           79 02 b8 05 bc 02 94 05 d1 02 9b 05 8c 02 c3 05
08 00 00                                    04 00           b2 01 f5 01 19 02 bb 01 3f 02 c9 01 cb 01 0a 02
08 00 00                                    04 00           ea 05 2e 05 1e 06 10 05 39 06 17 05 f8 05 3c 05
08 00 00                                    07 00           ec 04 34 05 08 05 31 05 38 05 30 05 61 05 4a 05 6e 05 77 05 3e 05 7d 05 fd 04 70 05
08 00 00                                    05 00           05 03 41 02 28 03 2b 02 c6 03 84 02 c9 03 9a 02 aa 03 a8 02
08 00 00                                    04 00           43 02 c8 01 5e 02 b7 01 e2 02 01 02 c7 02 15 02
08 00 00                                    08 00           01 02 67 01 2a 02 7a 01 1b 02 82 01 09 02 79 01 b3 01 a7 01 cf 01 b0 01 bf 01 b9 01 96 01 a1 01
