SECTION 1----------------------------------------------------------------------------------------------------------------------------------------------------------------------------------------------------------------------------------------------------------------------------------------------------------------------------------------------------------------------------------------------------------------------------------------------------------------------------------------------------------------------------------------------------------------------------------------------------------------------------------------------------------------------------------------------------------------------------------------------------------------------------------------------------------------------------------------------------------------------------------------------------------------------------------------------------------------------------------------------------------------------------------------

HEADER
2d 00 02 00

METADATA                                    # COORDINATES   COORDINATES
06 00 00 80 3f 00 00 80 3f 64 00 00 00 00   04 00           41 05 26 05 64 05 37 05 52 05 4d 05 2f 05 44 05
06 00 00 80 3f 00 00 80 3f 64 00 00 00 00   04 00           ae 05 78 05 d0 05 75 05 d3 05 92 05 b1 05 93 05

SECTION 2----------------------------------------------------------------------------------------------------------------------------------------------------------------------------------------------------------------------------------------------------------------------------------------------------------------------------------------------------------------------------------------------------------------------------------------------------------------------------------------------------------------------------------------------------------------------------------------------------------------------------------------------------------------------------------------------------------------------------------------------------------------------------------------------------------------------------------------------------------------------------------------------------------------------------------------------------------------------------------------------------------------------------------------

HEADER
50 01 02 00

METADATA                                    # COORDINATES   COORDINATES
01 00 00 80 3f 00 00 80 3f 64 00 00 00 00   07 00           ef 03 f2 00 fa 03 e1 00 0c 04 da 00 1f 05 2a 01 e9 04 6a 01 c0 04 5e 01 e2 04 36 01
01 00 00 80 3f 00 00 80 3f 64 00 00 00 00   0d 00           69 03 40 01 83 03 37 01 95 03 5b 01 90 03 79 01 80 03 8b 01 9f 03 93 01 8e 03 a7 01 6b 03 9b 01 53 03 b6 01 1b 03 ab 01 26 03 9e 01 47 03 93 01 6c 03 6d 01

SECTION 3----------------------------------------------------------------------------------------------------------------------------------------------------------------------------------------------------------------------------------------------------------------------------------------------------------------------------------------------------------------------------------------------------------------------------------------------------------------------------------------------------------------------------------------------------------------------------------------------------------------------------------------------------------------------------------------------------------------------------------------------------------------------------------------------------------------------------------------------------------------------------------------------------------------------------------------------------------------------------------------------------------------------------------------

HEADER
6b 00 01 00

METADATA                                    # COORDINATES   COORDINATES
01 00 00 80 3f 00 00 80 3f 64 00 00 00 00   04 00           96 01 f9 02 db 01 c4 02 ee 01 c9 02 a8 01 fc 02

SECTION 4----------------------------------------------------------------------------------------------------------------------------------------------------------------------------------------------------------------------------------------------------------------------------------------------------------------------------------------------------------------------------------------------------------------------------------------------------------------------------------------------------------------------------------------------------------------------------------------------------------------------------------------------------------------------------------------------------------------------------------------------------------------------------------------------------------------------------------------------------------------------------------------------------------------------------------------------------------------------------------------------------------------------------------------

HEADER
ff ff 53 00

METADATA                                    # COORDINATES   COORDINATES
06 00 00 80 3f 00 00 80 3f 64 00 00 00 00   04 00           4a 00 81 06 65 00 84 06 5a 00 90 06 49 00 8f 06
06 00 00 80 3f 00 00 80 3f 64 00 00 00 00   04 00           df 00 99 06 fe 00 91 06 0b 01 aa 06 df 00 b1 06
06 00 00 80 3f 00 00 80 3f 64 00 00 00 00   04 00           2c 00 a0 06 36 00 97 06 4f 00 ab 06 3b 00 b4 06
06 00 00 80 3f 00 00 80 3f 64 00 00 00 00   04 00           75 00 bd 06 79 00 a4 06 90 00 a6 06 86 00 be 06
06 00 00 80 3f 00 00 80 3f 64 00 00 00 00   07 00           2f 00 d9 06 48 00 c7 06 63 00 d4 06 6e 00 ed 06 48 00 f0 06 44 00 e4 06 33 00 e5 06
06 00 00 80 3f 00 00 80 3f 64 00 00 00 00   03 00           ac 00 05 07 c4 00 fd 06 bc 00 12 07
06 00 00 80 3f 00 00 80 3f 64 00 00 00 00   0a 00           01 00 2c 07 0b 00 25 07 30 00 48 07 33 00 5e 07 16 00 69 07 0b 00 65 07 24 00 50 07 17 00 4a 07 18 00 3f 07 06 00 3c 07
06 00 00 80 3f 00 00 80 3f 64 00 00 00 00   06 00           89 00 49 07 af 00 53 07 a9 00 5e 07 9d 00 58 07 9b 00 50 07 8d 00 56 07
06 00 00 80 3f 00 00 80 3f 64 00 00 00 00   04 00           11 01 1c 07 28 01 16 07 2c 01 23 07 17 01 28 07
06 00 00 80 3f 00 00 80 3f 64 00 00 00 00   04 00           4b 01 0a 07 62 01 07 07 61 01 19 07 56 01 1c 07
06 00 00 80 3f 00 00 80 3f 64 00 00 00 00   03 00           7a 01 07 07 8f 01 0a 07 87 01 16 07
06 00 00 80 3f 00 00 80 3f 64 00 00 00 00   05 00           9e 01 25 07 aa 01 1b 07 cb 01 1f 07 ca 01 2c 07 b0 01 32 07
06 00 00 80 3f 00 00 80 3f 64 00 00 00 00   04 00           14 01 49 07 46 01 41 07 4b 01 4c 07 1f 01 62 07
06 00 00 80 3f 00 00 80 3f 64 00 00 00 00   0b 00           90 01 43 07 9c 01 38 07 b8 01 48 07 dc 01 3a 07 d9 01 2b 07 e7 01 2c 07 eb 01 46 07 fe 01 4e 07 ef 01 57 07 e7 01 48 07 b3 01 55 07
06 00 00 80 3f 00 00 80 3f 64 00 00 00 00   04 00           01 00 83 07 21 00 7f 07 24 00 90 07 04 00 95 07
06 00 00 80 3f 00 00 80 3f 64 00 00 00 00   04 00           3e 00 86 07 57 00 8a 07 51 00 9a 07 3c 00 94 07
06 00 00 80 3f 00 00 80 3f 64 00 00 00 00   04 00           65 00 6e 07 7d 00 69 07 7f 00 79 07 6d 00 7e 07
06 00 00 80 3f 00 00 80 3f 64 00 00 00 00   04 00           48 01 8d 07 4e 01 7f 07 62 01 82 07 5f 01 8f 07
06 00 00 80 3f 00 00 80 3f 64 00 00 00 00   04 00           1e 02 34 07 38 02 30 07 38 02 3b 07 28 02 3e 07
06 00 00 80 3f 00 00 80 3f 64 00 00 00 00   04 00           64 02 38 07 7d 02 35 07 7b 02 42 07 6d 02 43 07
06 00 00 80 3f 00 00 80 3f 64 00 00 00 00   04 00           77 01 7d 07 90 01 81 07 87 01 93 07 77 01 91 07
06 00 00 80 3f 00 00 80 3f 64 00 00 00 00   04 00           d6 01 62 07 e7 01 62 07 e5 01 70 07 d7 01 71 07
06 00 00 80 3f 00 00 80 3f 64 00 00 00 00   04 00           1c 02 69 07 39 02 65 07 35 02 73 07 25 02 75 07
06 00 00 80 3f 00 00 80 3f 64 00 00 00 00   03 00           46 02 5e 07 56 02 5d 07 4e 02 67 07
06 00 00 80 3f 00 00 80 3f 64 00 00 00 00   04 00           38 02 76 07 44 02 6f 07 52 02 73 07 46 02 82 07
06 00 00 80 3f 00 00 80 3f 64 00 00 00 00   04 00           24 00 cd 07 42 00 b9 07 4f 00 c1 07 30 00 d6 07
06 00 00 80 3f 00 00 80 3f 64 00 00 00 00   04 00           98 00 c1 07 c4 00 b8 07 c8 00 c8 07 9e 00 ce 07
06 00 00 80 3f 00 00 80 3f 64 00 00 00 00   05 00           00 00 fc 07 19 00 ef 07 28 00 fa 07 1f 00 0f 08 13 00 16 08
06 00 00 80 3f 00 00 80 3f 64 00 00 00 00   05 00           4d 00 fe 07 5e 00 e9 07 77 00 f1 07 75 00 05 08 60 00 0a 08
06 00 00 80 3f 00 00 80 3f 64 00 00 00 00   04 00           a3 00 e6 07 b7 00 e6 07 b5 00 f6 07 a9 00 f6 07
06 00 00 80 3f 00 00 80 3f 64 00 00 00 00   03 00           cc 00 da 07 e6 00 d9 07 da 00 e6 07
06 00 00 80 3f 00 00 80 3f 64 00 00 00 00   03 00           08 00 1f 08 17 00 21 08 0f 00 28 08
06 00 00 80 3f 00 00 80 3f 64 00 00 00 00   04 00           77 00 15 08 89 00 03 08 9c 00 0d 08 84 00 1e 08
06 00 00 80 3f 00 00 80 3f 64 00 00 00 00   03 00           ae 00 01 08 bc 00 01 08 b7 00 0b 08
06 00 00 80 3f 00 00 80 3f 64 00 00 00 00   04 00           55 01 d0 07 69 01 cf 07 69 01 df 07 59 01 e1 07
06 00 00 80 3f 00 00 80 3f 64 00 00 00 00   04 00           6d 01 f0 07 83 01 eb 07 83 01 f9 07 74 01 fb 07
06 00 00 80 3f 00 00 80 3f 64 00 00 00 00   04 00           01 00 4a 08 15 00 4a 08 11 00 57 08 04 00 58 08
06 00 00 80 3f 00 00 80 3f 64 00 00 00 00   06 00           16 00 57 08 37 00 49 08 2b 00 3c 08 40 00 38 08 3e 00 58 08 30 00 6a 08
06 00 00 80 3f 00 00 80 3f 64 00 00 00 00   04 00           70 00 2a 08 8a 00 2b 08 84 00 39 08 78 00 3a 08
06 00 00 80 3f 00 00 80 3f 64 00 00 00 00   03 00           99 00 1d 08 ab 00 1b 08 a1 00 28 08
06 00 00 80 3f 00 00 80 3f 64 00 00 00 00   04 00           4b 00 5b 08 63 00 5c 08 5c 00 68 08 4f 00 6a 08
06 00 00 80 3f 00 00 80 3f 64 00 00 00 00   04 00           6a 00 45 08 86 00 42 08 80 00 51 08 74 00 53 08
06 00 00 80 3f 00 00 80 3f 64 00 00 00 00   04 00           99 00 3c 08 b4 00 2d 08 bc 00 3a 08 a0 00 47 08
06 00 00 80 3f 00 00 80 3f 64 00 00 00 00   05 00           a9 00 70 08 c4 00 52 08 da 00 60 08 cd 00 70 08 b8 00 78 08
06 00 00 80 3f 00 00 80 3f 64 00 00 00 00   04 00           f4 00 6b 08 06 01 6a 08 06 01 77 08 f7 00 78 08
06 00 00 80 3f 00 00 80 3f 64 00 00 00 00   05 00           39 01 24 08 4a 01 19 08 5e 01 1c 08 5d 01 2e 08 3d 01 35 08
06 00 00 80 3f 00 00 80 3f 64 00 00 00 00   04 00           40 01 5f 08 53 01 60 08 50 01 6e 08 43 01 6e 08
06 00 00 80 3f 00 00 80 3f 64 00 00 00 00   04 00           69 01 47 08 93 01 3c 08 90 01 4b 08 71 01 53 08
06 00 00 80 3f 00 00 80 3f 64 00 00 00 00   04 00           8b 01 57 08 9d 01 56 08 9a 01 64 08 91 01 65 08
06 00 00 80 3f 00 00 80 3f 64 00 00 00 00   04 00           c7 01 1f 08 db 01 1d 08 d9 01 29 08 cb 01 2b 08
06 00 00 80 3f 00 00 80 3f 64 00 00 00 00   08 00           f0 02 7a 07 01 03 7b 07 ff 02 8e 07 26 03 92 07 24 03 a2 07 04 03 a0 07 f8 02 8e 07 ec 02 8b 07
06 00 00 80 3f 00 00 80 3f 64 00 00 00 00   04 00           32 03 83 07 4a 03 84 07 46 03 90 07 38 03 92 07
06 00 00 80 3f 00 00 80 3f 64 00 00 00 00   04 00           eb 02 e1 07 fd 02 e2 07 fc 02 f3 07 ec 02 f5 07
06 00 00 80 3f 00 00 80 3f 64 00 00 00 00   0c 00           22 03 fa 07 4f 03 f0 07 52 03 e5 07 66 03 e3 07 67 03 ef 07 7b 03 ef 07 75 03 fc 07 66 03 fc 07 63 03 f0 07 55 03 f3 07 4f 03 01 08 28 03 06 08
06 00 00 80 3f 00 00 80 3f 64 00 00 00 00   04 00           a8 03 d5 07 bc 03 d5 07 ba 03 e6 07 ab 03 e8 07
06 00 00 80 3f 00 00 80 3f 64 00 00 00 00   04 00           5b 03 0e 08 6f 03 0f 08 6b 03 1c 08 5a 03 1b 08
06 00 00 80 3f 00 00 80 3f 64 00 00 00 00   04 00           8a 03 12 08 b4 03 0e 08 af 03 2d 08 94 03 2b 08
06 00 00 80 3f 00 00 80 3f 64 00 00 00 00   04 00           f1 02 29 08 18 03 27 08 11 03 3e 08 00 03 3f 08
06 00 00 80 3f 00 00 80 3f 64 00 00 00 00   04 00           64 03 46 08 80 03 45 08 77 03 52 08 68 03 54 08
06 00 00 80 3f 00 00 80 3f 64 00 00 00 00   04 00           de 03 31 08 ed 03 31 08 ee 03 3d 08 df 03 3e 08
06 00 00 80 3f 00 00 80 3f 64 00 00 00 00   04 00           a2 03 3d 08 b9 03 3e 08 b0 03 5c 08 9f 03 5c 08
06 00 00 80 3f 00 00 80 3f 64 00 00 00 00   04 00           c1 03 4d 08 ea 03 50 08 e1 03 68 08 c5 03 70 08
06 00 00 80 3f 00 00 80 3f 64 00 00 00 00   04 00           3c 02 89 08 55 02 87 08 50 02 95 08 42 02 97 08
06 00 00 80 3f 00 00 80 3f 64 00 00 00 00   04 00           43 02 b2 08 50 02 b3 08 4f 02 be 08 42 02 be 08
06 00 00 80 3f 00 00 80 3f 64 00 00 00 00   04 00           79 02 7c 08 92 02 78 08 8e 02 89 08 83 02 8b 08
06 00 00 80 3f 00 00 80 3f 64 00 00 00 00   04 00           60 02 b3 08 74 02 b3 08 6f 02 be 08 63 02 bf 08
06 00 00 80 3f 00 00 80 3f 64 00 00 00 00   05 00           cc 02 92 08 dc 02 87 08 f4 02 8b 08 f6 02 9c 08 dc 02 a1 08
06 00 00 80 3f 00 00 80 3f 64 00 00 00 00   06 00           c1 02 ac 08 d4 02 aa 08 d5 02 bb 08 fc 02 b0 08 fb 02 bd 08 c4 02 bf 08
06 00 00 80 3f 00 00 80 3f 64 00 00 00 00   08 00           04 03 85 08 34 03 7a 08 42 03 91 08 2e 03 92 08 2d 03 86 08 16 03 8b 08 14 03 97 08 05 03 98 08
06 00 00 80 3f 00 00 80 3f 64 00 00 00 00   0a 00           5b 03 79 08 6b 03 76 08 6e 03 66 08 81 03 66 08 7f 03 7e 08 99 03 7c 08 8f 03 8d 08 72 03 8d 08 6f 03 82 08 5e 03 83 08
06 00 00 80 3f 00 00 80 3f 64 00 00 00 00   04 00           77 03 9f 08 89 03 9e 08 8a 03 b2 08 7d 03 b5 08
06 00 00 80 3f 00 00 80 3f 64 00 00 00 00   04 00           ad 03 a2 08 c1 03 a1 08 be 03 b1 08 af 03 b3 08
06 00 00 80 3f 00 00 80 3f 64 00 00 00 00   04 00           c9 03 98 08 db 03 96 08 d9 03 a6 08 cc 03 a7 08
06 00 00 80 3f 00 00 80 3f 64 00 00 00 00   09 00           e2 03 73 08 f1 03 72 08 f2 03 7e 08 03 04 7c 08 0b 04 73 08 1e 04 73 08 1c 04 84 08 f7 03 8b 08 e3 03 7c 08
06 00 00 80 3f 00 00 80 3f 64 00 00 00 00   04 00           02 04 bc 08 09 04 b1 08 25 04 b3 08 27 04 be 08
06 00 00 80 3f 00 00 80 3f 64 00 00 00 00   04 00           52 04 7a 08 69 04 7b 08 66 04 90 08 55 04 90 08
06 00 00 80 3f 00 00 80 3f 64 00 00 00 00   04 00           ee 04 a5 08 05 05 a4 08 01 05 b8 08 f3 04 b8 08
06 00 00 80 3f 00 00 80 3f 64 00 00 00 00   04 00           16 05 8b 08 2d 05 8b 08 29 05 9b 08 19 05 9e 08
06 00 00 80 3f 00 00 80 3f 64 00 00 00 00   04 00           42 05 7d 08 56 05 7c 08 53 05 8b 08 45 05 8b 08
06 00 00 80 3f 00 00 80 3f 64 00 00 00 00   03 00           20 05 a8 08 33 05 a7 08 2a 05 b4 08
06 00 00 80 3f 00 00 80 3f 64 00 00 00 00   04 00           e5 04 36 08 06 05 3e 08 ff 04 4c 08 eb 04 4a 08
06 00 00 80 3f 00 00 80 3f 64 00 00 00 00   05 00           a5 04 3f 08 c3 04 34 08 cc 04 41 08 b9 04 50 08 ae 04 51 08
06 00 00 80 3f 00 00 80 3f 64 00 00 00 00   04 00           d3 03 9e 07 f7 03 a2 07 e8 03 b6 07 d6 03 b8 07

SECTION 5----------------------------------------------------------------------------------------------------------------------------------------------------------------------------------------------------------------------------------------------------------------------------------------------------------------------------------------------------------------------------------------------------------------------------------------------------------------------------------------------------------------------------------------------------------------------------------------------------------------------------------------------------------------------------------------------------------------------------------------------------------------------------------------------------------------------------------------------------------------------------------------------------------------------------------------------------------------------------------------------------------------------------------------

HEADER
55 01 01 00

METADATA                                    # COORDINATES   COORDINATES
01 00 00 80 3f 00 00 80 3f 64 00 00 00 00   11 00           2e 03 2b 01 48 03 3f 01 57 03 3d 01 68 03 54 01 57 03 7f 01 42 03 92 01 05 03 a0 01 ae 02 a1 01 8a 02 7c 01 8f 02 43 01 c5 02 2e 01 c6 02 3e 01 ab 02 5d 01 cc 02 65 01 e8 02 44 01 d8 02 40 01 db 02 2b 01

SECTION 6----------------------------------------------------------------------------------------------------------------------------------------------------------------------------------------------------------------------------------------------------------------------------------------------------------------------------------------------------------------------------------------------------------------------------------------------------------------------------------------------------------------------------------------------------------------------------------------------------------------------------------------------------------------------------------------------------------------------------------------------------------------------------------------------------------------------------------------------------------------------------------------------------------------------------------------------------------------------------------------------------------------------------------------

HEADER
ff ff 03 00

METADATA                                    # COORDINATES   COORDINATES
08 00 00                                    2e 00           1c 02 fa 04 9a 02 c9 04 a6 02 cc 04 c6 02 bc 04 e6 02 b6 04 f7 02 bc 04 f2 02 cf 04 da 02 e3 04 be 02 ee 04 c6 02 f9 04 c6 02 0c 05 a9 02 0f 05 c5 02 1e 05 d9 02 2f 05 df 02 3d 05 d3 02 46 05 97 02 61 05 9b 02 68 05 06 03 41 05 0d 03 46 05 01 03 51 05 9a 02 7d 05 60 02 90 05 3f 02 c9 05 15 02 f6 05 fb 01 04 06 ea 01 04 06 fe 01 0e 06 ce 01 2a 06 d0 01 36 06 c4 01 2f 06 c8 01 41 06 51 02 7e 06 2c 02 9a 06 31 02 a1 06 0e 02 b9 06 7f 02 e1 06 28 03 a2 06 75 03 c0 06 de 03 b1 06 5d 04 65 06 d3 03 67 07 10 03 3c 07 3d 02 08 07 bc 01 d7 06 ee 00 30 06
08 00 00                                    05 00           02 02 10 04 8f 02 82 04 71 02 ac 04 0f 02 d3 04 cb 01 3b 04
08 00 00                                    04 00           c0 03 62 04 f6 03 72 04 e1 03 98 04 78 03 c2 04

SECTION 7----------------------------------------------------------------------------------------------------------------------------------------------------------------------------------------------------------------------------------------------------------------------------------------------------------------------------------------------------------------------------------------------------------------------------------------------------------------------------------------------------------------------------------------------------------------------------------------------------------------------------------------------------------------------------------------------------------------------------------------------------------------------------------------------------------------------------------------------------------------------------------------------------------------------------------------------------------------------------------------------------------------------------------------

HEADER
ff ff 05 00

METADATA                                    # COORDINATES   COORDINATES
08 01 00                                    0e 00           d5 01 35 03 34 02 4d 03 42 02 40 03 8e 02 55 03 2c 02 c9 03 7a 02 da 03 7f 02 f4 03 6e 02 14 04 33 02 37 04 8e 02 82 04 41 02 a9 04 20 02 74 04 f0 01 86 04 0e 01 34 04
08 01 00                                    04 00           e1 03 6e 05 14 04 79 05 ef 03 a6 05 9c 03 cd 05
08 01 00                                    05 00           56 03 ae 06 a6 03 c2 06 8d 03 e5 06 4d 03 00 07 2e 03 e9 06
08 01 00                                    04 00           57 01 23 06 6e 01 2c 06 40 01 47 06 14 01 3b 06
08 01 00                                    07 00           84 03 7c 03 90 03 80 03 82 03 94 03 7f 03 a5 03 6f 03 be 03 66 03 f4 03 2f 03 22 04

SECTION 8----------------------------------------------------------------------------------------------------------------------------------------------------------------------------------------------------------------------------------------------------------------------------------------------------------------------------------------------------------------------------------------------------------------------------------------------------------------------------------------------------------------------------------------------------------------------------------------------------------------------------------------------------------------------------------------------------------------------------------------------------------------------------------------------------------------------------------------------------------------------------------------------------------------------------------------------------------------------------------------------------------------------------------------

HEADER
ff ff 08 00

METADATA                                    # COORDINATES   COORDINATES
08 02 00                                    03 00           7a 01 bc 03 db 01 ad 03 be 01 d0 03
08 02 00                                    0a 00           3b 01 6d 03 63 01 7f 03 3a 01 8b 03 3b 01 93 03 44 01 94 03 6f 01 83 03 a1 01 90 03 85 01 a5 03 5c 01 ba 03 0b 01 9c 03
08 02 00                                    03 00           d9 01 7e 03 ed 01 85 03 c4 01 95 03
08 02 00                                    06 00           8b 04 ba 03 9e 04 ba 03 b8 04 c2 03 ca 04 d5 03 c8 04 1c 04 4f 04 f6 03
08 02 00                                    05 00           a1 02 d3 02 a3 02 ee 02 3f 02 0e 03 57 02 f2 02 81 02 d4 02
08 02 00                                    03 00           25 04 66 03 37 04 69 03 04 04 8d 03
08 02 00                                    07 00           83 03 7d 03 90 03 80 03 81 03 95 03 7e 03 a5 03 6f 03 bd 03 65 03 f3 03 31 03 1f 04
08 02 00                                    03 00           00 04 1b 03 04 04 4f 03 d5 03 81 03

SECTION 9----------------------------------------------------------------------------------------------------------------------------------------------------------------------------------------------------------------------------------------------------------------------------------------------------------------------------------------------------------------------------------------------------------------------------------------------------------------------------------------------------------------------------------------------------------------------------------------------------------------------------------------------------------------------------------------------------------------------------------------------------------------------------------------------------------------------------------------------------------------------------------------------------------------------------------------------------------------------------------------------------------------------------------------

HEADER
ff ff 05 00

METADATA                                    # COORDINATES   COORDINATES
08 03 00                                    0b 00           c6 01 86 02 69 02 b5 02 55 02 cb 02 48 02 ca 02 34 02 df 02 1b 02 e3 02 e2 01 d2 02 bf 01 ee 02 a5 01 ee 02 cf 01 cb 02 95 01 bd 02
08 03 00                                    04 00           83 01 fa 02 92 01 00 03 64 01 34 03 52 01 30 03
08 03 00                                    04 00           55 03 f6 02 db 03 17 03 a0 03 23 03 5e 03 10 03
08 03 00                                    03 00           00 04 1b 03 03 04 4f 03 d5 03 81 03
08 03 00                                    09 00           f9 03 1f 03 1c 04 f3 02 47 04 84 02 5c 04 69 02 70 04 6d 02 5b 04 88 02 5e 04 b5 02 44 04 fb 02 41 04 03 03

SECTION 10----------------------------------------------------------------------------------------------------------------------------------------------------------------------------------------------------------------------------------------------------------------------------------------------------------------------------------------------------------------------------------------------------------------------------------------------------------------------------------------------------------------------------------------------------------------------------------------------------------------------------------------------------------------------------------------------------------------------------------------------------------------------------------------------------------------------------------------------------------------------------------------------------------------------------------------------------------------------------------------------------------------------------------------

HEADER
ff ff 02 00

METADATA                                    # COORDINATES   COORDINATES
08 04 00                                    03 00           b8 03 41 02 dc 03 4a 02 97 03 66 02
08 04 00                                    09 00           5c 04 68 02 70 04 6d 02 5a 04 88 02 5e 04 b5 02 44 04 fa 02 41 04 03 03 f8 03 1f 03 1c 04 f2 02 47 04 85 02

SECTION 11----------------------------------------------------------------------------------------------------------------------------------------------------------------------------------------------------------------------------------------------------------------------------------------------------------------------------------------------------------------------------------------------------------------------------------------------------------------------------------------------------------------------------------------------------------------------------------------------------------------------------------------------------------------------------------------------------------------------------------------------------------------------------------------------------------------------------------------------------------------------------------------------------------------------------------------------------------------------------------------------------------------------------------------

HEADER
ff ff 01 00

METADATA                                    # COORDINATES   COORDINATES
08 07 00                                    1e 00           b6 03 fa 00 c1 03 0a 01 cb 03 04 01 d4 03 05 01 cc 03 15 01 80 03 35 01 8e 03 42 01 95 03 5b 01 93 03 73 01 8b 03 83 01 75 03 7e 01 2d 03 9c 01 21 03 8c 01 44 03 77 01 1b 03 78 01 fc 02 8e 01 dd 02 b4 01 e1 02 8b 01 01 03 73 01 e2 02 6c 01 c4 02 83 01 da 02 a0 01 da 02 b4 01 91 02 93 01 8b 02 59 01 99 02 5d 01 a9 02 32 01 0f 03 1f 01 51 03 41 01 62 03 18 01
