SECTION 1----------------------------------------------------------------------------------------------------------------------------------------------------------------------------------------------------------------------------------------------------------------------------------------------------------------------------------------------------------------------------------------------------------------------------------------------------------------------------------------------------------------------------------------------------------------------------------------------------------------------------------------------------------------------------------------------------------------------------------------------------------------------------------------------------------------------------------------------------------------------------------------------------------------------------------------------------------------------------------------------------------------------------------------

HEADER
ff ff 2e 00

METADATA                                    # COORDINATES   COORDINATES

01 00 00 80 3f 00 00 80 3f 64 00 00 00 00   05 00           89 04 42 00 c9 04 2c 00 3c 05 a4 00 c1 04 c8 00 aa 04 b1 00
01 00 00 80 3f 00 00 80 3f 64 00 00 00 00   04 00           6f 07 b9 03 8e 07 b0 03 ee 07 0c 04 cb 07 19 04
01 00 00 80 3f 00 00 80 3f 64 00 00 00 00   08 00           73 04 69 04 2b 05 2b 04 3e 05 3d 04 9d 04 71 04 41 05 12 05 a5 05 f1 04 b5 05 01 05 33 05 2a 05
01 00 00 80 3f 00 00 80 3f 64 00 00 00 00   04 00           fc 02 c0 05 1f 03 ca 05 c5 02 24 06 a6 02 19 06
01 00 00 80 3f 00 00 80 3f 64 00 00 00 00   06 00           e4 01 42 05 f2 01 2c 05 81 02 49 05 6c 02 6a 05 2f 02 5e 05 35 02 52 05
01 00 00 80 3f 00 00 80 3f 64 00 00 00 00   04 00           a3 00 2c 02 c2 00 38 02 3c 00 c4 02 28 00 b7 02
01 00 00 80 3f 00 00 80 3f 64 00 00 00 00   04 00           2f 00 e5 05 44 00 eb 05 00 00 2c 06 00 00 12 06
01 00 00 80 3f 00 00 80 3f 64 00 00 00 00   05 00           15 02 6e 03 c1 02 32 03 5c 03 00 03 c5 03 67 03 6d 02 d5 03
03 00 00 80 3f 00 00 80 3f 64 00 00 00 00   0e 00           35 00 02 00 13 01 00 00 25 01 3c 00 8e 01 74 00 8f 02 b7 00 78 02 5f 01 03 01 6e 01 b1 00 8d 01 c5 00 ad 01 a5 00 c1 01 9f 00 70 01 fe 00 4f 01 02 00 71 00 00 00 02 00
03 00 00 80 3f 00 00 80 3f 64 00 00 00 00   0a 00           2b 01 01 00 90 01 03 00 2e 02 62 00 4f 02 51 00 a8 02 73 00 2c 03 42 00 53 03 65 00 a7 02 b4 00 8f 01 64 00 33 01 34 00
03 00 00 80 3f 00 00 80 3f 64 00 00 00 00   0c 00           c7 02 51 01 c0 02 e2 00 e6 02 bb 00 2f 03 b2 00 6f 03 97 00 ed 03 94 00 40 04 7f 00 76 04 88 00 cb 04 fb 00 56 03 7d 01 31 03 5f 01 fd 02 47 01
03 00 00 80 3f 00 00 80 3f 64 00 00 00 00   14 00           c9 02 3e 02 cb 01 95 02 0c 02 d2 02 f3 01 d6 02 8d 01 c4 02 75 01 b4 02 3a 01 a2 02 52 01 8c 02 e4 02 f5 01 22 03 fc 01 41 03 0e 02 89 03 69 02 44 04 14 03 90 04 5b 03 90 04 76 03 b5 03 ca 03 72 03 8b 03 c9 03 6a 03 3e 03 d9 02 14 03 8c 02
03 00 00 80 3f 00 00 80 3f 64 00 00 00 00   08 00           ca 03 e8 01 48 04 63 02 ff 04 27 02 11 05 4c 02 11 05 8a 02 9f 04 8b 02 34 04 6a 02 b5 03 f1 01
03 00 00 80 3f 00 00 80 3f 64 00 00 00 00   0a 00           2f 05 17 02 ea 05 d1 01 60 05 58 01 06 06 17 01 20 06 1c 01 05 07 01 02 0b 07 1a 02 80 06 55 02 50 05 87 02 3b 05 27 02
03 00 00 80 3f 00 00 80 3f 64 00 00 00 00   06 00           3d 00 1c 01 55 00 2e 01 55 00 5b 01 3a 00 6b 01 2e 00 7b 01 00 00 7f 01
03 00 00 80 3f 00 00 80 3f 64 00 00 00 00   04 00           01 00 c1 01 64 00 b9 01 76 00 c8 01 62 00 f7 01
03 00 00 80 3f 00 00 80 3f 64 00 00 00 00   07 00           d6 00 df 01 ef 00 d4 01 fa 00 db 01 59 01 bb 01 66 01 c1 01 54 01 ce 01 f0 00 e4 01
03 00 00 80 3f 00 00 80 3f 64 00 00 00 00   07 00           5b 01 26 03 99 01 0f 03 66 02 e1 03 3a 03 9f 03 7c 03 dd 03 95 02 2d 04 5d 02 28 04
03 00 00 80 3f 00 00 80 3f 64 00 00 00 00   05 00           df 00 b1 03 52 01 b1 03 64 01 c1 03 60 01 e0 03 47 01 01 04
03 00 00 80 3f 00 00 80 3f 64 00 00 00 00   0c 00           bf 00 63 04 de 00 6b 04 2a 01 99 04 24 01 ad 04 f6 00 b6 04 92 00 9a 04 39 00 a9 04 84 00 db 04 86 00 f7 04 36 00 26 05 00 00 15 05 03 00 a4 04
03 00 00 80 3f 00 00 80 3f 64 00 00 00 00   05 00           cd 01 44 05 bc 01 41 05 b4 01 1e 05 ee 01 d4 04 0e 02 dd 04
03 00 00 80 3f 00 00 80 3f 64 00 00 00 00   05 00           73 01 ca 05 7d 01 9d 05 b5 01 85 05 e2 01 a1 05 c5 01 cb 05
03 00 00 80 3f 00 00 80 3f 64 00 00 00 00   04 00           41 03 4f 05 67 03 45 05 8d 03 7a 05 69 03 83 05
03 00 00 80 3f 00 00 80 3f 64 00 00 00 00   05 00           6a 04 71 05 70 04 7c 05 50 04 8e 05 10 04 8f 05 11 04 85 05
03 00 00 80 3f 00 00 80 3f 64 00 00 00 00   06 00           3b 04 0c 06 7a 04 05 06 a6 04 20 06 84 04 28 06 60 04 25 06 4a 04 1a 06
03 00 00 80 3f 00 00 80 3f 64 00 00 00 00   04 00           e7 03 2b 06 0c 04 1f 06 1f 04 3f 06 eb 03 3e 06
03 00 00 80 3f 00 00 80 3f 64 00 00 00 00   08 00           ca 04 cb 05 de 04 ad 05 06 05 aa 05 16 05 b7 05 14 05 d7 05 44 05 f4 05 37 05 17 06 10 05 0e 06
03 00 00 80 3f 00 00 80 3f 64 00 00 00 00   0a 00           4a 06 82 05 4a 06 77 05 02 07 41 05 ac 06 c5 05 83 06 b9 05 89 06 a6 05 5e 06 9f 05 45 06 a6 05 41 06 9b 05 60 06 92 05
03 00 00 80 3f 00 00 80 3f 64 00 00 00 00   06 00           47 07 f3 05 84 07 00 06 ca 07 fb 05 d3 07 14 06 8b 07 1d 06 2e 07 02 06
03 00 00 80 3f 00 00 80 3f 64 00 00 00 00   04 00           a0 07 7a 05 ae 07 80 05 99 07 a8 05 82 07 9e 05
03 00 00 80 3f 00 00 80 3f 64 00 00 00 00   09 00           af 07 1b 05 e0 07 31 05 20 08 31 05 5d 08 6d 05 4d 08 8f 05 0d 08 91 05 f1 07 5d 05 b6 07 5e 05 9e 07 36 05
03 00 00 80 3f 00 00 80 3f 64 00 00 00 00   0e 00           4c 08 2d 05 1c 08 e5 04 93 07 19 05 89 07 0b 05 8e 07 fd 04 10 08 cb 04 41 08 a5 04 56 08 ac 04 6f 08 cc 04 88 08 d1 04 8e 08 e3 04 81 08 f8 04 b0 08 13 05 8e 08 49 05
03 00 00 80 3f 00 00 80 3f 64 00 00 00 00   07 00           38 07 d7 04 b7 07 af 04 bf 07 be 04 7d 07 fd 04 ea 06 2f 05 e8 06 25 05 63 07 fc 04
03 00 00 80 3f 00 00 80 3f 64 00 00 00 00   0c 00           f1 07 17 04 11 08 28 04 19 08 23 04 60 08 4f 04 63 08 60 04 78 08 64 04 76 08 6e 04 5c 08 6b 04 57 08 5a 04 20 08 36 04 05 08 3a 04 00 08 2c 04
03 00 00 80 3f 00 00 80 3f 64 00 00 00 00   07 00           bd 08 1c 02 be 08 63 02 0a 08 ad 02 cc 05 72 03 7a 05 5a 03 ad 05 36 03 d6 07 82 02
03 00 00 80 3f 00 00 80 3f 64 00 00 00 00   0a 00           30 07 ff 01 45 07 f6 01 e1 06 94 01 e1 06 87 01 be 08 e6 00 be 08 7a 01 aa 08 7f 01 b6 08 8f 01 a5 08 9b 01 50 07 0a 02
03 00 00 80 3f 00 00 80 3f 64 00 00 00 00   07 00           4b 06 03 01 5e 06 fd 00 a8 06 47 01 79 08 a8 00 94 08 cb 00 c9 06 61 01 a4 06 5d 01
03 00 00 80 3f 00 00 80 3f 64 00 00 00 00   03 00           bd 08 97 00 46 08 29 00 be 08 23 00
03 00 00 80 3f 00 00 80 3f 64 00 00 00 00   07 00           3b 06 da 00 2a 06 e0 00 d3 05 89 00 d9 05 79 00 4a 07 00 00 93 07 00 00 f7 05 92 00
03 00 00 80 3f 00 00 80 3f 64 00 00 00 00   04 00           51 05 02 00 d3 06 00 00 c0 05 5c 00 a6 05 5a 00
03 00 00 80 3f 00 00 80 3f 64 00 00 00 00   07 00           d4 04 d8 00 4b 05 a5 00 8b 05 96 00 a3 05 9d 00 e7 05 e5 00 de 05 f9 00 37 05 33 01
03 00 00 80 3f 00 00 80 3f 64 00 00 00 00   05 00           66 04 24 00 b5 04 0c 00 ca 04 21 00 c8 04 28 00 80 04 40 00
03 00 00 80 3f 00 00 80 3f 64 00 00 00 00   08 00           80 00 81 02 9d 00 8b 02 b1 00 ab 02 bf 00 ab 02 d9 00 bb 02 c9 00 c7 02 a9 00 ca 02 7c 00 95 02
03 00 00 80 3f 00 00 80 3f 64 00 00 00 00   06 00           75 04 2c 05 89 04 25 05 df 04 59 05 e2 04 71 05 9a 04 72 05 9a 04 60 05
03 00 00 80 3f 00 00 80 3f 64 00 00 00 00   05 00           63 05 1c 05 b5 05 01 05 0d 06 5f 05 d2 05 4c 05 89 05 54 05
03 00 00 80 3f 00 00 80 3f 64 00 00 00 00   05 00           36 01 ac 02 f0 01 df 02 44 01 0e 03 25 01 ef 02 25 01 c6 02

SECTION 2----------------------------------------------------------------------------------------------------------------------------------------------------------------------------------------------------------------------------------------------------------------------------------------------------------------------------------------------------------------------------------------------------------------------------------------------------------------------------------------------------------------------------------------------------------------------------------------------------------------------------------------------------------------------------------------------------------------------------------------------------------------------------------------------------------------------------------------------------------------------------------------------------------------------------------------------------------------------------------------------------------------------------------------

HEADER
ff ff 12 00

METADATA                                    # COORDINATES   COORDINATES

08 00 00                                    03 00           c9 02 de 05 21 03 e0 05 21 03 15 06
08 00 00                                    04 00           ee 02 5e 01 75 02 84 01 75 02 59 01 ee 02 33 01
08 00 00                                    03 00           91 02 5e 00 ff 02 3b 00 ff 02 5d 00
08 00 00                                    04 00           ad 03 82 00 6f 03 81 00 6f 03 4a 00 ad 03 4b 00
08 00 00                                    03 00           67 08 48 03 67 08 f4 02 bf 08 f4 02
08 00 00                                    04 00           35 07 cb 00 c5 06 cc 00 c5 06 94 00 35 07 93 00
08 00 00                                    03 00           52 05 08 02 26 05 43 02 d3 04 35 02
08 00 00                                    04 00           0d 03 c9 03 0d 03 a5 03 9b 03 75 03 9b 03 9b 03
08 00 00                                    04 00           0a 08 2b 04 b3 07 2b 04 37 07 a6 03 8a 07 a6 03
08 00 00                                    03 00           5a 06 4f 04 9d 05 91 04 d2 05 33 04
08 00 00                                    05 00           42 05 64 05 38 04 77 04 a0 04 0f 04 47 05 fe 04 07 06 eb 04
08 00 00                                    03 00           56 06 9b 05 e5 05 7e 05 b3 06 2f 05
08 00 00                                    03 00           59 08 2a 05 2f 08 5d 05 de 07 2e 05
08 00 00                                    03 00           77 08 c8 05 77 08 7f 05 bf 08 80 05
08 00 00                                    03 00           48 03 4b 05 d3 02 0f 05 48 03 10 05
08 00 00                                    03 00           c9 02 32 06 46 02 33 06 46 02 01 06
08 00 00                                    03 00           f5 01 01 06 8d 01 02 06 c5 01 cf 05
08 00 00                                    03 00           c2 00 3d 06 55 00 3c 06 c2 00 0c 06
