SECTION 1----------------------------------------------------------------------------------------------------------------------------------------------------------------------------------------------------------------------------------------------------------------------------------------------------------------------------------------------------------------------------------------------------------------------------------------------------------------------------------------------------------------------------------------------------------------------------------------------------------------------------------------------------------------------------------------------------------------------------------------------------------------------------------------------------------------------------------------------------------------------------------------------------------------------------------------------------------------------------------------------------------------------------------------

HEADER
ff ff 08 00

METADATA                                    # COORDINATES   COORDINATES
01 00 00 80 3f 00 00 80 3f 64 00 00 00 00   0e 00           85 03 57 01 91 03 52 01 96 03 5a 01 a4 03 56 01 ae 03 68 01 c5 03 61 01 ec 03 8a 01 cf 03 95 01 b4 03 8a 01 aa 03 95 01 86 03 84 01 77 03 75 01 82 03 6c 01 91 03 6e 01
03 00 00 80 3f 00 00 80 3f 64 00 00 00 00   05 00           2a 03 36 01 51 03 21 01 5b 03 2f 01 5b 03 3e 01 46 03 40 01
03 00 00 80 3f 00 00 80 3f 64 00 00 00 00   09 00           26 03 86 01 34 03 76 01 4f 03 6e 01 67 03 7a 01 5c 03 88 01 49 03 95 01 37 03 9f 01 2e 03 9e 01 45 03 8a 01
03 00 00 80 3f 00 00 80 3f 64 00 00 00 00   0c 00           ed 03 ca 01 fc 03 be 01 30 04 c1 01 43 04 cb 01 3f 04 d8 01 4a 04 e4 01 1b 04 f9 01 0e 04 f1 01 12 04 e3 01 2a 04 e7 01 43 04 e0 01 0e 04 d6 01
03 00 00 80 3f 00 00 80 3f 64 00 00 00 00   05 00           f8 03 69 01 0c 04 4d 01 47 04 2f 01 43 04 45 01 1b 04 63 01
03 00 00 80 3f 00 00 80 3f 64 00 00 00 00   04 00           0a 00 0d 02 67 00 e1 01 59 00 fb 01 3c 00 09 02
03 00 00 80 3f 00 00 80 3f 64 00 00 00 00   06 00           8f 01 f4 01 90 01 df 01 cc 01 e0 01 d8 01 e6 01 d8 01 ef 01 c6 01 f9 01
03 00 00 80 3f 00 00 80 3f 64 00 00 00 00   05 00           92 02 5f 00 9d 02 58 00 b4 02 67 00 a7 02 73 00 9f 02 73 00

SECTION 2----------------------------------------------------------------------------------------------------------------------------------------------------------------------------------------------------------------------------------------------------------------------------------------------------------------------------------------------------------------------------------------------------------------------------------------------------------------------------------------------------------------------------------------------------------------------------------------------------------------------------------------------------------------------------------------------------------------------------------------------------------------------------------------------------------------------------------------------------------------------------------------------------------------------------------------------------------------------------------------------------------------------------------------

HEADER
ff ff 05 00

METADATA                                    # COORDINATES   COORDINATES
08 00 00                                    10 00           00 00 5d 00 1d 01 cd 00 32 01 f7 00 1b 01 15 01 0d 01 21 01 51 01 41 01 4a 01 a6 01 15 01 a5 01 cf 00 81 01 ba 00 83 01 b8 00 6b 01 a1 00 6d 01 52 00 50 01 5a 00 2c 01 96 00 2c 01 00 00 ed 00
08 00 00                                    0c 00           b8 01 d9 00 d0 01 fc 00 13 02 1f 01 32 02 0f 01 20 02 ee 00 42 02 df 00 b1 02 2b 01 23 02 7e 01 f3 01 59 01 03 02 44 01 b1 01 10 01 94 01 e7 00
08 00 00                                    04 00           86 02 21 00 c3 02 23 00 c1 02 5a 00 86 02 5b 00
08 00 00                                    1b 00           d9 03 bb 00 0c 04 c1 00 1f 04 0c 01 fe 04 f6 00 fe 04 ff 02 38 04 ff 02 24 04 eb 02 fd 03 db 02 fe 03 cf 02 1b 04 d8 02 06 04 c0 02 e6 03 ba 02 d8 03 98 02 ee 03 97 02 87 03 16 02 c1 03 12 02 71 03 cc 01 b9 03 c4 01 8d 03 a9 01 80 03 90 01 b6 03 62 01 89 03 44 01 c6 03 3b 01 cc 03 22 01 15 04 2d 01 1e 04 0f 01 d2 03 ee 00
08 00 00                                    0e 00           12 01 2a 02 92 01 25 02 4d 02 36 02 2a 03 7b 02 f9 03 ff 02 71 02 ff 02 6e 02 cf 02 20 02 bc 02 f2 01 d4 02 25 02 fe 02 01 00 ff 02 00 00 42 02 2c 00 23 02 7b 00 13 02
