SECTION 1----------------------------------------------------------------------------------------------------------------------------------------------------------------------------------------------------------------------------------------------------------------------------------------------------------------------------------------------------------------------------------------------------------------------------------------------------------------------------------------------------------------------------------------------------------------------------------------------------------------------------------------------------------------------------------------------------------------------------------------------------------------------------------------------------------------------------------------------------------------------------------------------------------------------------------------------------------------------------------------------------------------------------------------

HEADER
ff ff 12 00

METADATA                                    # COORDINATES   COORDINATES
01 00 00 80 3f 00 00 80 3f 64 00 00 00 00   04 00           81 05 20 01 91 05 16 01 00 06 55 01 ed 05 62 01
01 00 00 80 3f 00 00 80 3f 64 00 00 00 00   04 00           59 05 59 02 9d 05 46 02 bd 05 61 02 7b 05 7e 02
06 00 00 80 3f 00 00 80 3f 64 00 00 00 00   04 00           31 01 04 00 67 01 1d 00 50 01 41 00 24 01 18 00
06 00 00 80 3f 00 00 80 3f 64 00 00 00 00   04 00           c1 03 74 02 e3 03 66 02 fd 03 7f 02 e0 03 94 02
06 00 00 80 3f 00 00 80 3f 64 00 00 00 00   04 00           60 04 b9 02 9d 04 bb 02 9a 04 df 02 62 04 df 02
06 00 00 80 3f 00 00 80 3f 64 00 00 00 00   04 00           f6 01 be 04 0f 02 b4 04 24 02 c9 04 0a 02 d6 04
06 00 00 80 3f 00 00 80 3f 64 00 00 00 00   04 00           b8 02 dc 04 cf 02 d2 04 e1 02 df 04 cb 02 e7 04
06 00 00 80 3f 00 00 80 3f 64 00 00 00 00   04 00           51 04 27 01 71 04 0a 01 7b 04 11 01 70 04 24 01
05 00 00 80 3f 00 00 80 3f 64 00 00 00 00   16 00           00 00 a7 01 27 00 b5 01 3d 00 c2 01 52 00 bb 01 57 00 d8 01 6a 00 da 01 6d 00 ed 01 67 00 0c 02 76 00 37 02 82 00 52 02 b6 00 50 02 e0 00 63 02 d8 00 85 02 c4 00 8d 02 ed 00 96 02 de 00 ad 02 ff 00 be 02 1f 01 be 02 37 01 dc 02 ee 00 e4 02 8e 00 bc 02 70 00 af 02
05 00 00 80 3f 00 00 80 3f 64 00 00 00 00   58 00           09 01 f0 02 43 01 ed 02 71 01 1d 03 8e 01 26 03 a2 01 30 03 7a 01 60 03 97 01 70 03 be 01 69 03 cd 01 70 03 d8 01 99 03 eb 01 98 03 07 02 a0 03 1f 02 92 03 7d 02 9c 03 92 02 bb 03 d2 02 d2 03 ec 02 e6 03 0a 03 e4 03 8c 03 20 04 7c 03 43 04 89 03 4c 04 b0 03 45 04 c8 03 31 04 e8 03 3c 04 09 04 33 04 79 04 2a 04 a6 04 cd 03 89 04 94 03 88 04 66 03 a2 04 f4 02 bd 04 e9 02 d7 04 c8 02 03 05 bf 02 2a 05 b4 02 65 05 80 02 72 05 90 02 e4 05 d5 02 31 06 b5 02 2a 06 9a 02 b8 05 53 02 01 06 30 02 06 06 1d 02 f6 05 18 02 00 06 13 02 3e 06 10 02 3e 06 bf 05 9b 02 bf 05 49 02 84 05 2f 02 58 05 0f 02 59 05 f7 01 60 05 e2 01 59 05 d0 01 5a 05 83 01 36 05 7a 01 4b 05 3a 01 4d 05 c6 00 2f 05 77 00 0c 05 00 00 17 05 00 00 ca 04 42 00 cb 04 4c 00 bb 04 d8 00 c8 04 dc 00 b4 04 21 01 c8 04 37 01 c5 04 47 01 d2 04 b3 01 e9 04 af 01 e6 04 c7 01 db 04 e5 01 e7 04 f3 01 e5 04 14 02 fb 04 14 02 04 05 3a 02 10 05 36 02 fd 04 9a 02 0c 05 d9 02 0c 05 e2 02 03 05 04 03 05 05 2f 03 d8 04 81 03 cc 04 91 03 8b 04 60 03 64 04 18 03 5d 04 ba 02 38 04 b2 01 c8 03 f0 00 09 03
03 00 00 80 3f 00 00 80 3f 64 00 00 00 00   31 00           85 02 e4 00 75 02 c5 00 8f 02 c8 00 b9 02 f1 00 d2 02 ea 00 ec 02 e9 00 f3 02 d5 00 07 03 c4 00 20 03 c5 00 26 03 e5 00 73 03 ee 00 bc 03 e0 00 a3 03 da 00 b2 03 c9 00 a2 03 c3 00 bf 03 aa 00 a1 04 d5 00 69 04 fe 00 34 04 ed 00 05 04 06 01 26 04 09 01 30 04 14 01 1a 04 1e 01 29 04 25 01 44 04 1b 01 4a 04 2c 01 71 04 26 01 84 04 06 01 d7 04 e8 00 c8 04 1e 01 8f 04 1e 01 58 04 54 01 3b 04 82 01 3b 04 99 01 f4 03 79 01 bb 03 5f 01 da 03 51 01 f1 03 37 01 f6 03 27 01 ce 03 1c 01 9e 03 23 01 7e 03 2a 01 5f 03 27 01 5a 03 36 01 56 03 3f 01 31 03 42 01 1b 03 34 01 1e 03 27 01 1f 03 25 01
03 00 00 80 3f 00 00 80 3f 64 00 00 00 00   06 00           6e 05 fe 00 5b 05 ff 00 4d 05 dd 00 64 05 c8 00 7b 05 c6 00 b5 05 d1 00
03 00 00 80 3f 00 00 80 3f 64 00 00 00 00   0f 00           3e 06 df 01 08 06 df 01 06 06 d4 01 1a 06 cb 01 07 06 c7 01 1b 06 b0 01 3c 06 bd 01 3e 06 9d 01 28 06 a1 01 25 06 81 01 fb 05 80 01 ea 05 79 01 ea 05 6b 01 09 06 59 01 3e 06 5b 01
03 00 00 80 3f 00 00 80 3f 64 00 00 00 00   05 00           b9 03 15 02 1b 04 f4 01 4c 04 1a 02 2d 04 3a 02 e5 03 5d 02
03 00 00 80 3f 00 00 80 3f 64 00 00 00 00   07 00           43 02 f9 01 74 02 22 02 8f 02 22 02 8f 02 45 02 6d 02 44 02 52 02 36 02 3e 02 1d 02
03 00 00 80 3f 00 00 80 3f 64 00 00 00 00   07 00           32 02 d5 02 59 02 d7 02 83 02 09 03 ac 02 02 03 d1 02 11 03 70 02 86 03 1c 02 74 03
03 00 00 80 3f 00 00 80 3f 64 00 00 00 00   0d 00           e2 00 12 04 cf 00 e3 03 f7 00 d4 03 f4 00 0b 04 25 01 27 04 41 01 40 04 52 01 2b 04 67 01 2b 04 71 01 4b 04 68 01 5f 04 43 01 44 04 0d 01 4b 04 03 01 1a 04
03 00 00 80 3f 00 00 80 3f 64 00 00 00 00   07 00           00 00 42 04 01 00 27 04 3f 00 0f 04 79 00 27 04 81 00 40 04 40 00 46 04 56 00 65 04

SECTION 2----------------------------------------------------------------------------------------------------------------------------------------------------------------------------------------------------------------------------------------------------------------------------------------------------------------------------------------------------------------------------------------------------------------------------------------------------------------------------------------------------------------------------------------------------------------------------------------------------------------------------------------------------------------------------------------------------------------------------------------------------------------------------------------------------------------------------------------------------------------------------------------------------------------------------------------------------------------------------------------------------------------------------------------

HEADER
ff ff 02 00

METADATA                                    # COORDINATES   COORDINATES
08 01 00                                    03 00           4c 04 b1 02 2a 04 8b 02 73 04 8c 02
08 00 00                                    04 00           8a 03 b7 02 09 04 d3 02 d2 03 15 03 3a 03 08 03

SECTION 3----------------------------------------------------------------------------------------------------------------------------------------------------------------------------------------------------------------------------------------------------------------------------------------------------------------------------------------------------------------------------------------------------------------------------------------------------------------------------------------------------------------------------------------------------------------------------------------------------------------------------------------------------------------------------------------------------------------------------------------------------------------------------------------------------------------------------------------------------------------------------------------------------------------------------------------------------------------------------------------------------------------------------------------

HEADER
ff ff 02 00

METADATA                                    # COORDINATES   COORDINATES

08 00 00                                    04 00           34 05 fe 01 34 05 8e 01 d2 05 8d 01 d2 05 ff 01
08 00 00                                    04 00           f9 05 51 01 f9 05 72 01 82 05 29 01 82 05 09 01
