SECTION 1----------------------------------------------------------------------------------------------------------------------------------------------------------------------------------------------------------------------------------------------------------------------------------------------------------------------------------------------------------------------------------------------------------------------------------------------------------------------------------------------------------------------------------------------------------------------------------------------------------------------------------------------------------------------------------------------------------------------------------------------------------------------------------------------------------------------------------------------------------------------------------------------------------------------------------------------------------------------------------------------------------------------------------------

HEADER
ff ff 39 00

METADATA                                    # COORDINATES   COORDINATES
01 00 00 80 3f 00 00 80 3f 64 00 00 00 00   04 00           55 00 0f 01 a6 00 14 01 a1 00 3b 01 51 00 37 01
01 00 00 80 3f 00 00 80 3f 64 00 00 00 00   05 00           58 02 ed 02 27 03 a8 02 1d 04 54 02 35 04 6d 02 6a 02 fe 02
01 00 00 80 3f 00 00 80 3f 64 00 00 00 00   08 00           b7 04 c7 01 cb 04 cb 01 b6 04 ea 01 ca 04 ee 01 b1 04 06 02 a0 04 02 02 88 04 24 02 70 04 1e 02
01 00 00 80 3f 00 00 80 3f 64 00 00 00 00   06 00           2a 05 b8 01 3c 05 a1 01 9e 05 6a 01 c5 05 79 01 60 05 b4 01 49 05 cc 01
01 00 00 80 3f 00 00 80 3f 64 00 00 00 00   04 00           26 05 d5 02 4e 05 c9 02 81 05 f2 02 58 05 01 03
01 00 00 80 3f 00 00 80 3f 64 00 00 00 00   0c 00           c4 07 66 01 dd 07 57 01 4b 08 a3 01 39 08 b4 01 4d 08 c5 01 59 08 c4 01 87 08 05 02 65 08 0b 02 26 08 b7 01 2d 08 af 01 ff 07 9a 01 e2 07 87 01
01 00 00 80 3f 00 00 80 3f 64 00 00 00 00   04 00           a9 01 76 03 e7 01 66 03 05 02 84 03 bf 01 98 03
01 00 00 80 3f 00 00 80 3f 64 00 00 00 00   08 00           07 06 b7 00 84 06 70 00 d3 06 9b 00 35 07 60 00 44 07 69 00 cf 06 af 00 86 06 81 00 1a 06 c1 00
01 00 00 80 3f 00 00 80 3f 64 00 00 00 00   04 00           51 07 1f 01 75 07 28 01 5d 07 41 01 45 07 3b 01
01 00 00 80 3f 00 00 80 3f 64 00 00 00 00   04 00           5f 01 7d 03 0c 01 9f 03 fa 00 91 03 4c 01 6e 03
01 00 00 80 3f 00 00 80 3f 64 00 00 00 00   04 00           51 08 ad 01 b5 08 99 01 09 09 0d 02 a5 08 27 02
06 00 00 80 3f 00 00 80 3f 64 00 00 00 00   04 00           67 00 bd 02 8d 00 bc 02 8c 00 cd 02 65 00 ce 02
06 00 00 80 3f 00 00 80 3f 64 00 00 00 00   04 00           69 00 d8 02 78 00 da 02 73 00 ea 02 62 00 e6 02
06 00 00 80 3f 00 00 80 3f 64 00 00 00 00   04 00           b6 08 ae 03 c1 08 94 03 e2 08 91 03 dc 08 a6 03
05 00 00 80 3f 00 00 80 3f 64 00 00 00 00   14 00           00 00 39 00 10 00 40 00 5b 00 83 00 77 00 ac 00 7e 00 c8 00 8d 00 d8 00 95 00 f3 00 a1 00 fc 00 a5 00 12 01 51 00 0e 01 45 00 f1 00 48 00 dd 00 40 00 d8 00 3e 00 c9 00 2f 00 bd 00 28 00 ae 00 1d 00 a7 00 0e 00 a4 00 11 00 99 00 00 00 87 00
05 00 00 80 3f 00 00 80 3f 64 00 00 00 00   0a 00           5d 00 39 01 aa 00 3d 01 b5 00 46 01 b3 00 4f 01 ba 00 53 01 c0 00 5f 01 bb 00 6f 01 69 00 89 01 64 00 6f 01 56 00 5d 01
05 00 00 80 3f 00 00 80 3f 64 00 00 00 00   2c 00           85 00 fe 01 9d 00 15 02 c9 00 02 02 e1 00 0a 02 f7 00 2f 02 07 01 2d 02 15 01 45 02 1e 01 59 02 10 01 6e 02 16 01 75 02 31 01 76 02 39 01 75 02 39 01 7e 02 4c 01 92 02 51 01 a7 02 59 01 b1 02 58 01 c3 02 6b 01 d0 02 8f 01 d2 02 9b 01 e2 02 a0 01 fb 02 b9 01 0e 03 e8 01 20 03 f6 01 2f 03 01 02 32 03 0b 02 39 03 0c 02 56 03 ac 01 71 03 94 01 63 03 81 01 4b 03 6d 01 41 03 60 01 24 03 58 01 fd 02 18 01 e9 02 05 01 c4 02 e8 00 b9 02 c8 00 a1 02 b9 00 83 02 ba 00 73 02 c4 00 61 02 ae 00 54 02 92 00 51 02 a0 00 42 02 87 00 19 02
05 00 00 80 3f 00 00 80 3f 64 00 00 00 00   36 00           c0 01 a0 03 fc 01 8e 03 24 02 9a 03 30 02 a5 03 3a 02 a8 03 48 02 b9 03 4b 02 c5 03 62 02 d6 03 65 02 dd 03 81 02 eb 03 69 02 1b 04 5d 02 28 04 61 02 32 04 81 02 33 04 9a 02 2b 04 a9 02 30 04 a9 02 45 04 bd 02 48 04 ae 02 6b 04 cd 02 72 04 e1 02 72 04 fc 02 95 04 f2 02 a7 04 0b 03 b5 04 1a 03 ba 04 32 03 bc 04 40 03 b4 04 53 03 b9 04 5e 03 c6 04 78 03 cf 04 6c 03 f1 04 7d 03 fe 04 95 03 fe 04 b2 03 03 05 cb 03 0d 05 da 03 1c 05 f9 03 2b 05 0f 04 36 05 24 04 3d 05 36 04 46 05 50 04 5e 05 64 04 69 05 77 04 79 05 89 04 7a 05 85 04 7f 05 e6 03 7f 05 2d 03 38 05 93 02 bf 04 61 02 7d 04 4c 02 63 04 4a 02 4d 04 33 02 41 04 1f 02 25 04 c8 01 c1 03
03 00 00 80 3f 00 00 80 3f 64 00 00 00 00   1f 00           1d 00 3d 00 3b 00 2d 00 5c 00 29 00 79 00 3a 00 75 00 4a 00 6b 00 5a 00 78 00 65 00 8f 00 62 00 8f 00 70 00 8a 00 79 00 a6 00 92 00 bd 00 9b 00 c9 00 a5 00 c7 00 be 00 d1 00 c8 00 d5 00 d7 00 c9 00 ec 00 ac 00 f0 00 a5 00 e4 00 a8 00 d3 00 84 00 c9 00 90 00 bf 00 80 00 ae 00 8f 00 a5 00 7b 00 a0 00 70 00 8f 00 77 00 80 00 60 00 83 00 65 00 74 00 55 00 60 00 36 00 5c 00
03 00 00 80 3f 00 00 80 3f 64 00 00 00 00   2d 00           86 00 33 00 93 00 2a 00 e6 00 29 00 f9 00 00 00 53 06 00 00 be 05 53 00 92 05 50 00 7f 05 6b 00 a3 04 6f 00 8a 04 8e 00 69 04 8b 00 56 04 76 00 43 04 7a 00 45 04 c0 00 5c 04 d9 00 52 04 e1 00 1b 04 e9 00 e2 03 d9 00 ec 03 f8 00 d6 03 f9 00 c6 03 df 00 7c 03 d8 00 3d 03 eb 00 14 03 f1 00 10 03 0a 01 dd 02 14 01 b9 02 20 01 a1 02 35 01 72 02 40 01 44 02 3c 01 0d 02 3a 01 02 02 40 01 bf 01 3f 01 92 01 29 01 65 01 17 01 14 01 0e 01 d2 00 0d 01 d6 00 f0 00 e6 00 de 00 d5 00 ba 00 d4 00 a0 00 be 00 89 00 94 00 77 00 9c 00 67 00 b5 00 68 00
03 00 00 80 3f 00 00 80 3f 64 00 00 00 00   0b 00           00 00 8f 00 0a 00 9c 00 0a 00 a6 00 18 00 a8 00 24 00 af 00 2b 00 be 00 39 00 cb 00 38 00 da 00 41 00 f0 00 46 00 06 01 00 00 05 01
03 00 00 80 3f 00 00 80 3f 64 00 00 00 00   3d 00           00 00 33 01 46 00 2f 01 56 00 3f 01 50 00 5b 01 74 00 c2 01 14 00 e1 01 20 00 f4 01 15 00 04 02 07 00 17 02 11 00 2a 02 2a 00 36 02 45 00 4d 02 26 00 70 02 13 00 82 02 1a 00 b7 02 0b 00 d0 02 23 00 e8 02 4c 00 ff 02 7a 00 fc 02 ab 00 04 03 ca 00 f6 02 94 00 bd 02 b6 00 90 02 c4 00 a6 02 b5 00 c0 02 d4 00 dc 02 ec 00 e3 02 fc 00 d6 02 14 01 ec 02 0f 01 1c 03 6c 00 65 03 60 00 79 03 6a 00 8c 03 7b 00 9b 03 89 00 a5 03 87 00 be 03 79 00 cd 03 7d 00 de 03 91 00 eb 03 af 00 e5 03 18 01 db 03 f3 00 1e 04 17 01 38 04 e8 00 67 04 e6 00 8d 04 ed 00 a1 04 da 00 aa 04 cc 00 ba 04 c9 00 d3 04 c2 00 f3 04 ab 00 fe 04 8c 00 d7 04 6c 00 d8 04 62 00 e2 04 86 00 f1 04 a5 00 0d 05 82 00 10 05 7c 00 27 05 5f 00 36 05 3c 00 4e 05 00 00 5e 05
03 00 00 80 3f 00 00 80 3f 64 00 00 00 00   0c 00           66 00 57 02 ab 00 57 02 b6 00 63 02 a3 00 6d 02 5b 00 6a 02 66 00 74 02 79 00 7f 02 8c 00 7f 02 83 00 8b 02 5b 00 8c 02 3b 00 85 02 40 00 6d 02
03 00 00 80 3f 00 00 80 3f 64 00 00 00 00   04 00           5b 00 25 02 84 00 19 02 9c 00 42 02 72 00 3e 02
03 00 00 80 3f 00 00 80 3f 64 00 00 00 00   0e 00           b1 00 3c 01 5a 01 4b 01 62 01 64 01 8f 01 71 01 9b 01 8e 01 98 01 ad 01 7c 01 f2 01 0f 01 ef 01 25 01 e3 01 f5 00 92 01 cc 00 94 01 c3 00 6c 01 ca 00 5c 01 bc 00 4f 01
03 00 00 80 3f 00 00 80 3f 64 00 00 00 00   0d 00           d9 00 f9 01 f2 00 ff 01 09 01 08 02 20 01 07 02 29 01 1d 02 53 01 24 02 7b 01 43 02 90 01 76 02 b4 01 85 02 ab 01 ac 02 92 01 ca 02 58 01 8b 02 56 01 73 02
03 00 00 80 3f 00 00 80 3f 64 00 00 00 00   07 00           e2 01 de 02 2b 02 c8 02 62 02 04 03 46 02 0b 03 17 02 fd 02 0f 02 e7 02 e6 01 ec 02
03 00 00 80 3f 00 00 80 3f 64 00 00 00 00   0d 00           bb 01 e2 02 d5 01 f7 02 f8 01 fe 02 02 02 0d 03 1b 02 0f 03 42 02 28 03 66 02 26 03 66 02 35 03 19 02 55 03 17 02 2f 03 f6 01 26 03 e7 01 1a 03 be 01 f2 02
03 00 00 80 3f 00 00 80 3f 64 00 00 00 00   11 00           e4 00 a1 03 fa 00 98 03 06 01 a2 03 00 01 b0 03 28 01 9d 03 41 01 94 03 4e 01 a0 03 35 01 a5 03 32 01 af 03 53 01 a9 03 4d 01 b8 03 3d 01 bf 03 2d 01 b4 03 11 01 c1 03 fe 00 c0 03 e4 00 cb 03 d5 00 bd 03
03 00 00 80 3f 00 00 80 3f 64 00 00 00 00   0b 00           50 01 6f 03 6d 01 72 03 75 01 78 03 7f 01 74 03 a5 01 75 03 a1 01 7e 03 8e 01 86 03 65 01 81 03 4d 01 8d 03 49 01 87 03 63 01 7d 03
03 00 00 80 3f 00 00 80 3f 64 00 00 00 00   07 00           11 01 5c 04 19 01 65 04 1d 01 79 04 14 01 86 04 06 01 9d 04 fd 00 73 04 04 01 63 04
03 00 00 80 3f 00 00 80 3f 64 00 00 00 00   0a 00           42 01 4c 04 4e 01 54 04 43 01 aa 04 30 01 b8 04 2d 01 d5 04 1b 01 ec 04 19 01 d7 04 22 01 d1 04 2c 01 8d 04 31 01 6d 04
03 00 00 80 3f 00 00 80 3f 64 00 00 00 00   3e 00           b4 01 9f 03 c7 01 ce 03 c4 01 e9 03 e0 01 ff 03 d7 01 12 04 f8 01 19 04 0a 02 10 04 0f 02 1e 04 0d 02 36 04 1e 02 4c 04 34 02 57 04 5f 02 86 04 6c 02 9e 04 58 02 ad 04 b8 01 a2 04 aa 01 bf 04 92 01 cb 04 90 01 e0 04 b0 01 e9 04 26 02 e5 04 2f 02 fb 04 4d 02 fc 04 4e 02 0a 05 6f 02 14 05 8b 02 14 05 8c 02 30 05 c3 02 28 05 bf 02 35 05 9f 02 51 05 be 02 5e 05 df 02 6f 05 f2 02 62 05 09 03 70 05 2f 03 6b 05 32 03 75 05 0f 03 7f 05 c8 02 7d 05 b2 02 59 05 71 02 48 05 81 02 32 05 4b 02 34 05 33 02 2a 05 44 02 16 05 1f 02 0a 05 09 02 16 05 9b 01 fd 04 a3 01 f5 04 7c 01 e3 04 65 01 d7 04 7d 01 b3 04 7e 01 93 04 8b 01 80 04 82 01 7e 04 8f 01 5f 04 ad 01 59 04 97 01 4c 04 ab 01 43 04 99 01 27 04 a6 01 0c 04 8a 01 0f 04 86 01 fb 03 94 01 c9 03
03 00 00 80 3f 00 00 80 3f 64 00 00 00 00   05 00           94 01 34 05 bb 01 36 05 e6 01 45 05 d7 01 58 05 83 01 51 05
03 00 00 80 3f 00 00 80 3f 64 00 00 00 00   13 00           1b 02 83 03 ad 02 71 03 ca 02 7e 03 f3 02 cb 03 0f 03 d5 03 0b 03 01 04 52 03 4a 04 33 03 5e 04 00 03 4a 04 09 03 3d 04 e5 02 32 04 ba 02 1a 04 b5 02 0e 04 a5 02 09 04 94 02 1b 04 8d 02 ea 03 6f 02 db 03 4f 02 b4 03 44 02 93 03
03 00 00 80 3f 00 00 80 3f 64 00 00 00 00   39 00           53 03 8d 04 81 03 80 04 9a 03 54 04 63 04 12 04 e9 03 88 03 b9 03 5b 03 db 03 40 03 d8 03 23 03 e3 03 1e 03 19 04 66 03 39 04 3a 03 49 04 3e 03 57 04 4a 03 74 04 51 03 74 04 5e 03 7e 04 65 03 a5 04 79 03 a8 04 95 03 86 04 8d 03 62 04 71 03 4a 04 ae 03 8e 04 c0 03 be 04 d7 03 b2 04 ea 03 ba 04 13 04 39 05 39 04 7c 05 54 04 84 05 6f 04 36 05 d5 04 00 05 e9 04 b4 04 fc 04 b1 04 c0 04 bd 04 a1 04 8f 04 8d 04 b4 04 64 04 9d 04 52 04 5e 04 38 04 d6 03 65 04 f3 03 a2 04 f0 03 c7 04 46 04 d1 04 3f 04 0c 05 6a 04 07 05 79 04 2e 05 94 04 36 05 b9 04 5b 05 ba 04 70 05 ef 04 7e 05 a6 04 7f 05 6a 04 58 05 7d 04 45 05 6d 04 31 05 29 04 2e 05 b7 03 f9 04 bf 03 d5 04 81 03 c5 04 52 03 ae 04
03 00 00 80 3f 00 00 80 3f 64 00 00 00 00   12 00           2a 06 4b 04 53 06 44 04 87 06 49 04 af 06 4f 04 fd 06 68 04 6a 07 6c 04 81 07 80 04 86 07 9c 04 82 07 c1 04 a7 07 fa 04 bb 07 fe 04 c5 07 0e 05 0e 08 2b 05 6f 08 7f 05 74 05 7f 05 8e 05 49 05 a9 05 31 05 cc 05 dc 04
03 00 00 80 3f 00 00 80 3f 64 00 00 00 00   0b 00           2f 08 8c 04 5d 08 7c 04 a6 08 73 04 db 08 97 04 e6 08 b5 04 cb 08 cc 04 b3 08 e7 04 83 08 e9 04 5c 08 df 04 37 08 ca 04 27 08 b0 04
03 00 00 80 3f 00 00 80 3f 64 00 00 00 00   21 00           b6 07 1c 04 b4 07 06 04 db 07 e4 03 46 08 db 03 66 08 c4 03 90 08 c3 03 99 08 b7 03 dd 08 a5 03 ff 08 48 03 f8 08 f6 02 e5 08 d7 02 ee 08 b9 02 e9 08 98 02 f5 08 81 02 1e 09 77 02 48 09 64 02 56 09 70 02 5b 09 7f 02 7b 09 78 02 63 09 6e 02 5b 09 66 02 7a 09 60 02 9f 09 62 02 b0 09 50 02 fd 09 41 02 fe 09 f6 03 25 09 97 03 d7 08 c5 03 a7 08 0c 04 9e 08 2b 04 17 08 50 04 d8 07 5e 04 ba 07 52 04
03 00 00 80 3f 00 00 80 3f 64 00 00 00 00   0e 00           2b 09 57 04 6c 09 69 04 d4 09 16 04 fe 09 27 04 ff 09 7e 05 95 09 7e 05 85 09 5c 05 5e 09 43 05 59 09 16 05 45 09 02 05 49 09 f6 04 64 09 e8 04 57 09 c3 04 6d 09 7e 04
03 00 00 80 3f 00 00 80 3f 64 00 00 00 00   10 00           a1 07 3a 03 65 08 a1 03 6d 08 9a 03 48 08 84 03 5f 08 80 03 69 08 52 03 a5 08 3c 03 d9 08 38 03 ba 08 60 03 b0 08 82 03 8f 08 99 03 72 08 a6 03 48 08 b5 03 3e 08 c3 03 bf 07 b1 03 a8 07 80 03
03 00 00 80 3f 00 00 80 3f 64 00 00 00 00   15 00           37 07 c0 03 4c 07 c0 03 57 07 b4 03 5e 07 c8 03 5b 07 db 03 61 07 ec 03 39 07 02 04 24 07 09 04 10 07 08 04 07 07 11 04 d4 06 19 04 bf 06 11 04 9d 06 10 04 7e 06 0d 04 74 06 fd 03 7f 06 d8 03 91 06 c0 03 94 06 ce 03 88 06 fd 03 ea 06 0c 04 4c 07 f8 03
03 00 00 80 3f 00 00 80 3f 64 00 00 00 00   09 00           fc 02 67 03 5e 03 46 03 75 03 53 03 67 03 62 03 7a 03 65 03 84 03 74 03 98 03 77 03 7f 03 85 03 53 03 89 03
03 00 00 80 3f 00 00 80 3f 64 00 00 00 00   09 00           f8 03 05 03 18 04 e8 02 30 04 e7 02 64 04 e0 02 61 04 05 03 55 04 07 03 46 04 fd 02 33 04 05 03 03 04 0f 03
03 00 00 80 3f 00 00 80 3f 64 00 00 00 00   14 00           80 04 1c 03 b0 04 0e 03 d9 04 2e 03 68 05 02 03 78 05 18 03 3e 05 a7 03 d7 05 d6 03 aa 05 e2 03 5a 05 dc 03 38 05 e1 03 ef 04 c8 03 e0 04 b1 03 e8 04 8c 03 e0 04 68 03 ef 04 58 03 dd 04 54 03 c6 04 42 03 c8 04 35 03 b3 04 39 03 b4 04 2c 03
03 00 00 80 3f 00 00 80 3f 64 00 00 00 00   05 00           cd 03 f7 01 7d 04 26 02 5a 04 2d 02 48 04 42 02 24 04 41 02
03 00 00 80 3f 00 00 80 3f 64 00 00 00 00   0a 00           cc 01 e2 01 de 01 c3 01 fb 01 c6 01 01 02 b8 01 13 02 af 01 27 02 a8 01 69 02 b0 01 27 02 db 01 0a 02 f7 01 e4 01 02 02
03 00 00 80 3f 00 00 80 3f 64 00 00 00 00   08 00           9f 02 53 01 9e 02 49 01 c8 02 3a 01 fe 02 3c 01 ae 03 63 01 87 03 d8 01 52 03 d9 01 16 03 80 01
03 00 00 80 3f 00 00 80 3f 64 00 00 00 00   06 00           24 02 5b 01 54 02 54 01 77 02 55 01 6f 02 60 01 35 02 69 01 25 02 67 01
03 00 00 80 3f 00 00 80 3f 64 00 00 00 00   1b 00           92 04 0a 01 b7 04 20 01 ac 04 29 01 e2 04 4e 01 f8 04 40 01 0c 05 48 01 56 05 22 01 87 05 18 01 9c 05 1e 01 a1 05 4a 01 d4 05 3d 01 06 06 47 01 09 06 59 01 12 06 5e 01 fb 05 74 01 dc 05 79 01 9e 05 62 01 3c 05 9e 01 27 05 b7 01 03 05 ad 01 e8 04 97 01 d6 04 85 01 d2 04 5e 01 bf 04 59 01 bc 04 3c 01 96 04 39 01 86 04 22 01
03 00 00 80 3f 00 00 80 3f 64 00 00 00 00   06 00           98 05 7b 00 fc 05 b3 00 ea 05 ba 00 cf 05 ac 00 a8 05 92 00 9b 05 86 00
03 00 00 80 3f 00 00 80 3f 64 00 00 00 00   24 00           07 06 bc 00 1a 06 c5 00 85 06 84 00 d0 06 b1 00 4a 07 69 00 ee 06 35 00 0f 07 01 00 94 07 00 00 81 07 34 00 89 07 68 00 17 07 13 01 4b 07 21 01 3c 07 36 01 24 07 37 01 fe 06 24 01 c9 06 36 01 ad 06 41 01 88 06 3e 01 76 06 46 01 59 06 3f 01 4a 06 35 01 4f 06 2a 01 74 06 1b 01 6d 06 07 01 4e 06 01 01 2b 06 0f 01 2d 06 ef 00 68 06 f4 00 7a 06 dc 00 94 06 d1 00 a6 06 e7 00 d5 06 de 00 cd 06 bd 00 7c 06 a1 00 29 06 c9 00 10 06 ce 00
03 00 00 80 3f 00 00 80 3f 64 00 00 00 00   15 00           79 07 2f 01 b2 07 3d 01 28 08 a7 00 9f 07 7d 00 b0 07 1c 00 cb 07 00 00 fe 09 00 00 fe 09 ec 01 67 09 10 02 48 09 03 02 aa 09 ed 01 70 09 9f 01 db 08 c0 01 ba 08 94 01 dd 07 56 01 c3 07 62 01 b2 07 4a 01 96 07 42 01 85 07 4a 01 6f 07 4a 01 67 07 43 01
03 00 00 80 3f 00 00 80 3f 64 00 00 00 00   0a 00           87 08 0b 02 a4 08 2e 02 41 09 09 02 4f 09 11 02 10 09 26 02 fc 08 33 02 d6 08 35 02 b0 08 35 02 8e 08 23 02 78 08 11 02
03 00 00 80 3f 00 00 80 3f 64 00 00 00 00   0a 00           5f 05 d7 00 9c 05 cf 00 b2 05 d5 00 c4 05 e8 00 dd 05 ea 00 ea 05 f7 00 b1 05 1d 01 9c 05 19 01 86 05 0b 01 9b 05 fd 00
03 00 00 80 3f 00 00 80 3f 64 00 00 00 00   04 00           36 06 70 03 32 06 8e 03 ef 05 d1 03 e8 05 d3 03
03 00 00 80 3f 00 00 80 3f 64 00 00 00 00   04 00           08 07 5a 03 45 07 53 03 56 07 87 03 3f 07 85 03

SECTION 2----------------------------------------------------------------------------------------------------------------------------------------------------------------------------------------------------------------------------------------------------------------------------------------------------------------------------------------------------------------------------------------------------------------------------------------------------------------------------------------------------------------------------------------------------------------------------------------------------------------------------------------------------------------------------------------------------------------------------------------------------------------------------------------------------------------------------------------------------------------------------------------------------------------------------------------------------------------------------------------------------------------------------------------

HEADER
ff ff 29 00

METADATA                                    # COORDINATES   COORDINATES
08 00 00                                    07 00           00 00 7d 01 2c 00 81 01 46 00 8f 01 56 00 91 01 55 00 a3 01 0b 00 be 01 00 00 b4 01
08 00 00                                    09 00           d9 00 3b 00 d9 00 4a 00 02 01 4e 00 13 01 53 00 26 01 55 00 3d 01 59 00 80 01 46 00 28 01 01 00 09 01 03 00
08 00 00                                    07 00           5c 01 59 01 72 01 49 01 87 01 48 01 96 01 4e 01 99 01 57 01 79 01 69 01 65 01 64 01
08 00 00                                    0e 00           af 00 c6 01 67 01 90 01 88 01 8f 01 9d 01 8c 01 a6 01 9a 01 b2 01 9e 01 ac 01 a5 01 a0 01 ab 01 9e 01 b8 01 81 01 c1 01 70 01 c0 01 56 01 cb 01 52 01 d9 01 cf 00 01 02
08 00 00                                    27 00           95 02 d9 00 e0 02 c2 00 16 03 b4 00 2d 03 b5 00 43 03 d3 00 78 03 c6 00 7a 03 9b 00 bb 03 78 00 ec 03 72 00 f1 03 79 00 f6 03 6b 00 07 04 78 00 10 04 6f 00 24 04 72 00 1f 04 80 00 33 04 86 00 42 04 9d 00 58 04 ae 00 68 04 a3 00 75 04 a8 00 79 04 b2 00 79 04 c3 00 69 04 cb 00 52 04 c9 00 48 04 d2 00 04 04 a2 00 ec 03 a5 00 09 04 bd 00 e7 03 c3 00 c7 03 bb 00 82 03 c6 00 8e 03 ce 00 72 03 e6 00 3c 03 f0 00 0d 03 f2 00 f8 02 02 01 ce 02 fc 00 bf 02 04 01 9e 02 04 01
08 00 00                                    23 00           0c 04 5e 01 f7 04 97 01 2e 05 a4 01 34 05 a9 01 2c 05 bb 01 33 05 c1 01 03 05 00 02 f5 04 fc 01 e4 04 04 02 e5 04 10 02 f3 04 16 02 07 05 12 02 0d 05 20 02 ef 04 31 02 aa 04 43 02 4b 04 4c 02 49 04 5b 02 00 04 75 02 fd 03 68 02 dd 03 6f 02 ab 03 82 02 ab 03 94 02 95 02 f3 02 83 02 dc 02 17 04 58 02 c9 03 06 02 d3 03 f6 01 01 04 03 02 44 04 45 02 6f 04 21 02 8a 03 db 01 3d 03 dd 01 0f 03 b0 01 75 03 8c 01 ce 03 89 01
08 00 00                                    13 00           ec 04 15 00 03 05 0c 00 14 05 10 00 27 05 1b 00 24 05 21 00 35 05 2a 00 2d 05 36 00 13 05 41 00 eb 04 3e 00 ea 04 48 00 fa 04 45 00 0a 05 4c 00 07 05 57 00 ee 04 5a 00 da 04 4d 00 c1 04 57 00 b1 04 58 00 b6 04 48 00 ca 04 2a 00
08 00 00                                    05 00           0a 06 b6 00 84 06 70 00 a4 06 84 00 4b 06 ba 00 31 06 aa 00
08 00 00                                    08 00           d0 06 9a 00 38 07 5e 00 f2 06 32 00 37 07 38 00 85 07 64 00 08 07 a3 00 f7 06 9b 00 eb 06 a2 00
08 00 00                                    04 00           7f 06 1b 01 95 06 25 01 6d 06 31 01 59 06 2b 01
08 00 00                                    0c 00           b5 06 ea 00 cf 06 d6 00 08 07 d8 00 3a 07 eb 00 19 07 13 01 31 07 1a 01 39 07 24 01 2a 07 2e 01 16 07 2e 01 05 07 32 01 f7 06 2f 01 d3 06 1a 01
08 00 00                                    06 00           00 07 46 01 0f 07 38 01 2d 07 41 01 1c 07 54 01 0f 07 5f 01 ff 06 5c 01
08 00 00                                    12 00           c2 08 55 01 30 09 16 01 52 09 1d 01 68 09 33 01 75 09 34 01 70 09 43 01 80 09 4c 01 95 09 51 01 96 09 5a 01 8f 09 61 01 8e 09 70 01 63 09 86 01 73 09 9c 01 b8 09 8a 01 f4 09 da 01 a9 09 f1 01 4b 09 72 01 d8 08 8b 01
08 00 00                                    08 00           a2 06 15 02 d0 06 e7 01 1b 07 fb 01 0f 07 01 02 1b 07 1e 02 f3 06 19 02 e8 06 29 02 df 06 2a 02
08 00 00                                    0b 00           37 05 ca 00 8e 05 c3 00 b9 05 cb 00 d1 05 f0 00 52 05 37 01 e8 04 f7 00 af 04 0b 01 ce 04 d2 00 e9 04 c9 00 08 05 d4 00 08 05 e7 00
08 00 00                                    0f 00           6e 05 53 01 a1 05 3d 01 fd 05 5d 01 07 06 6a 01 ef 05 74 01 d5 05 73 01 d1 05 97 01 d6 05 a2 01 df 05 ac 01 cd 05 b9 01 9e 05 9d 01 c5 05 88 01 a3 05 77 01 71 05 91 01 46 05 9c 01
08 00 00                                    17 00           5b 08 d5 02 a0 08 92 02 aa 08 70 02 d6 08 68 02 03 09 6d 02 19 09 86 02 0d 09 b2 02 ee 08 c5 02 23 09 e6 02 ed 08 04 03 ff 08 13 03 a3 08 3d 03 a7 08 45 03 c2 08 46 03 cf 08 40 03 02 09 51 03 ec 08 7f 03 c8 08 7f 03 c2 08 8d 03 ab 08 95 03 86 08 9a 03 61 08 95 03 13 08 67 03
08 00 00                                    08 00           6a 08 2c 04 93 08 1a 04 a4 08 24 04 b2 08 33 04 a9 08 3a 04 af 08 3f 04 6d 08 59 04 68 08 50 04
08 00 00                                    14 00           84 09 24 03 97 09 20 03 a5 09 28 03 a2 09 1a 03 ad 09 16 03 c2 09 1d 03 d3 09 1c 03 d1 09 29 03 e4 09 26 03 e2 09 2f 03 fe 09 43 03 fd 09 ef 03 ff 09 26 04 a7 09 5f 04 7c 09 6c 04 71 09 68 04 45 09 ae 03 16 09 7e 03 20 09 53 03 42 09 3b 03
08 00 00                                    04 00           95 08 90 04 aa 08 85 04 bf 08 8e 04 a3 08 9d 04
08 00 00                                    0c 00           74 09 51 05 89 09 53 05 88 09 48 05 93 09 49 05 9c 09 51 05 9e 09 57 05 b4 09 5a 05 fe 09 7e 05 36 08 7f 05 26 08 65 05 41 08 3d 05 2a 09 51 05
08 00 00                                    29 00           f0 06 40 04 10 07 41 04 33 07 48 04 31 07 5a 04 52 07 52 04 56 07 5b 04 47 07 63 04 68 07 61 04 6e 07 69 04 79 07 65 04 90 07 65 04 87 07 6d 04 90 07 78 04 92 07 84 04 9a 07 8e 04 98 07 98 04 90 07 a1 04 92 07 a7 04 9b 07 a7 04 90 07 be 04 81 07 c5 04 97 07 c7 04 99 07 ce 04 8e 07 d3 04 97 07 d9 04 92 07 de 04 9a 07 e4 04 a5 07 e2 04 95 07 ec 04 6f 07 f3 04 63 07 e2 04 45 07 e0 04 3e 07 ef 04 00 07 e7 04 ca 06 f0 04 50 06 b4 04 11 06 af 04 ce 05 b8 04 c4 05 82 04 06 06 70 04 77 06 85 04
08 00 00                                    1a 00           30 07 30 03 42 07 32 03 51 07 3c 03 55 07 32 03 57 07 23 03 41 07 1a 03 45 07 08 03 6b 07 04 03 7e 07 f5 02 9a 07 01 03 a4 07 17 03 ad 07 33 03 ad 07 5d 03 ba 07 64 03 b0 07 6d 03 9a 07 71 03 87 07 65 03 88 07 57 03 5f 07 50 03 6a 07 5a 03 70 07 66 03 63 07 70 03 53 07 6f 03 5c 07 85 03 22 07 88 03 0f 07 53 03
08 00 00                                    05 00           6f 09 8d 02 93 09 82 02 a8 09 8a 02 a9 09 9a 02 81 09 a3 02
08 00 00                                    07 00           2c 05 7f 05 55 05 6a 05 86 05 6e 05 7c 05 63 05 87 05 5d 05 8e 05 6a 05 82 05 7f 05
08 00 00                                    0b 00           69 06 2a 03 83 06 30 03 7f 06 39 03 84 06 3e 03 99 06 41 03 9a 06 69 03 59 06 ba 03 4d 06 b8 03 e7 05 d1 03 9f 05 47 03 e7 05 26 03
08 00 00                                    09 00           a3 05 c4 03 88 05 dc 03 60 05 e5 03 54 05 d7 03 44 05 d4 03 36 05 de 03 2b 05 dd 03 31 05 cb 03 6f 05 b5 03
08 00 00                                    04 00           06 05 b2 02 71 05 8c 02 c5 05 e0 02 57 05 07 03
08 00 00                                    0e 00           05 05 33 03 13 05 31 03 1e 05 3c 03 2c 05 36 03 2e 05 2b 03 52 05 1c 03 82 05 15 03 ad 05 24 03 92 05 3b 03 4f 05 4b 03 37 05 42 03 26 05 48 03 18 05 41 03 0d 05 44 03
08 00 00                                    1c 00           c0 03 24 03 f2 03 14 03 06 04 31 03 e5 03 3b 03 36 04 81 03 6b 04 73 03 a4 04 90 03 74 04 a3 03 3c 04 a6 03 90 04 fc 03 6b 04 1b 04 34 04 30 04 37 04 36 04 c5 03 56 04 e3 03 56 04 de 03 5c 04 eb 03 5f 04 ef 03 67 04 e9 03 6d 04 dc 03 72 04 d0 03 7b 04 c7 03 80 04 bb 03 85 04 c0 03 63 04 a5 03 5d 04 aa 03 50 04 5e 04 13 04 ad 03 4c 03
08 00 00                                    04 00           1a 05 b1 04 65 05 54 04 b7 05 65 04 69 05 c6 04
08 00 00                                    06 00           92 04 30 04 9c 04 23 04 b4 04 27 04 bd 04 2f 04 b4 04 45 04 a1 04 49 04
08 00 00                                    05 00           bc 03 ca 04 d8 03 cf 04 e4 03 da 04 d7 03 ef 04 ba 03 ea 04
08 00 00                                    14 00           20 04 10 05 38 04 d6 04 61 04 bd 04 80 04 c0 04 8e 04 c7 04 97 04 c0 04 8d 04 b9 04 a0 04 b5 04 aa 04 c3 04 c3 04 bd 04 cb 04 c7 04 c4 04 d2 04 cd 04 e4 04 cb 04 f4 04 d0 04 05 05 a9 04 29 05 93 04 27 05 8a 04 1c 05 82 04 2a 05 6e 04 2e 05
08 00 00                                    15 00           c6 00 7f 05 e9 00 62 05 1d 01 49 05 4a 01 40 05 74 01 3e 05 82 01 4d 05 a8 01 6a 05 b3 01 5f 05 da 01 73 05 0b 02 55 05 32 02 39 05 3d 02 3e 05 5e 02 53 05 57 02 41 05 69 02 3f 05 7d 02 51 05 89 02 4a 05 93 02 5c 05 91 02 68 05 9b 02 76 05 95 02 7f 05
08 00 00                                    08 00           2c 02 d4 04 0f 02 b4 04 41 02 8b 04 4f 02 95 04 4e 02 a7 04 6e 02 9d 04 7f 02 ad 04 7c 02 de 04
08 00 00                                    15 00           00 00 e6 04 17 00 d5 04 4b 00 d6 04 56 00 bf 04 67 00 b0 04 7a 00 b8 04 95 00 a4 04 cc 00 a2 04 e0 00 a5 04 f6 00 b1 04 e7 00 be 04 ee 00 c9 04 03 01 d1 04 f8 00 dd 04 d9 00 e0 04 e1 00 f2 04 d3 00 18 05 b9 00 2f 05 b3 00 40 05 73 00 7d 05 00 00 7c 05
08 00 00                                    10 00           01 00 23 04 5c 00 1d 04 83 00 25 04 94 00 1e 04 9e 00 2d 04 ba 00 2f 04 bb 00 3c 04 aa 00 3f 04 b1 00 44 04 ad 00 4b 04 b4 00 4a 04 b3 00 58 04 45 00 76 04 36 00 6b 04 25 00 6f 04 08 00 59 04
08 00 00                                    0d 00           05 01 34 03 4e 01 2d 03 6f 01 39 03 8a 01 55 03 86 01 70 03 5b 01 7d 03 3d 01 83 03 40 01 88 03 20 01 91 03 08 01 9a 03 08 01 a1 03 f5 00 a8 03 c8 00 aa 03
08 00 00                                    08 00           a5 00 1a 03 ae 00 0c 03 cd 00 fc 02 ea 00 f9 02 14 01 ff 02 f9 00 22 03 d3 00 2c 03 b9 00 23 03
08 00 00                                    0c 00           7f 01 88 02 a0 01 83 02 aa 01 4f 02 d1 01 3f 02 02 02 55 02 21 02 6f 02 1e 02 8d 02 10 02 af 02 c4 01 c5 02 ab 01 cb 02 97 01 bf 02 a9 01 b3 02

SECTION 3----------------------------------------------------------------------------------------------------------------------------------------------------------------------------------------------------------------------------------------------------------------------------------------------------------------------------------------------------------------------------------------------------------------------------------------------------------------------------------------------------------------------------------------------------------------------------------------------------------------------------------------------------------------------------------------------------------------------------------------------------------------------------------------------------------------------------------------------------------------------------------------------------------------------------------------------------------------------------------------------------------------------------------------

HEADER
ff ff 02 00

METADATA                                    # COORDINATES   COORDINATES
08 01 00                                    04 00           b4 04 7c 01 cf 04 83 01 8a 04 d5 01 71 04 cf 01
08 01 00                                    0d 00           0c 01 ef 01 f9 00 f7 01 d1 00 ab 01 65 00 cc 01 84 00 ee 01 58 00 fc 01 3c 00 e2 01 4d 00 da 01 45 00 d2 01 31 00 d9 01 1b 00 c2 01 d3 00 8b 01 e9 00 a7 01
