SECTION 1----------------------------------------------------------------------------------------------------------------------------------------------------------------------------------------------------------------------------------------------------------------------------------------------------------------------------------------------------------------------------------------------------------------------------------------------------------------------------------------------------------------------------------------------------------------------------------------------------------------------------------------------------------------------------------------------------------------------------------------------------------------------------------------------------------------------------------------------------------------------------------------------------------------------------------------------------------------------------------------------------------------------------------------

HEADER
ff ff 66 00

METADATA                                    # COORDINATES   COORDINATES
06 00 00 80 3f 00 00 80 3f 64 00 00 00 00   04 00           47 00 43 03 62 00 42 03 5d 00 4e 03 4d 00 4e 03
06 00 00 80 3f 00 00 80 3f 64 00 00 00 00   08 00           2e 00 5c 03 3b 00 5c 03 3e 00 66 03 4a 00 66 03 48 00 71 03 38 00 71 03 38 00 66 03 2d 00 66 03
06 00 00 80 3f 00 00 80 3f 64 00 00 00 00   04 00           79 00 63 03 90 00 66 03 84 00 7d 03 77 00 7b 03
06 00 00 80 3f 00 00 80 3f 64 00 00 00 00   04 00           df 00 5d 03 09 01 5b 03 06 01 6b 03 e7 00 6f 03
06 00 00 80 3f 00 00 80 3f 64 00 00 00 00   08 00           3d 00 8f 03 5c 00 8f 03 59 00 a4 03 6f 00 a4 03 6f 00 af 03 4a 00 af 03 47 00 a3 03 31 00 a4 03
06 00 00 80 3f 00 00 80 3f 64 00 00 00 00   04 00           b0 00 c3 03 c4 00 c4 03 c0 00 ce 03 b2 00 cd 03
06 00 00 80 3f 00 00 80 3f 64 00 00 00 00   04 00           7d 01 c9 03 8d 01 c9 03 8c 01 d3 03 80 01 d5 03
06 00 00 80 3f 00 00 80 3f 64 00 00 00 00   03 00           4c 01 cc 03 67 01 cc 03 59 01 dc 03
06 00 00 80 3f 00 00 80 3f 64 00 00 00 00   04 00           13 01 dd 03 24 01 dd 03 21 01 e8 03 15 01 e9 03
06 00 00 80 3f 00 00 80 3f 64 00 00 00 00   04 00           9f 01 e1 03 c7 01 e0 03 c1 01 ef 03 a8 01 ef 03
06 00 00 80 3f 00 00 80 3f 64 00 00 00 00   04 00           03 04 74 05 28 04 72 05 26 04 7e 05 06 04 7f 05
06 00 00 80 3f 00 00 80 3f 64 00 00 00 00   04 00           ab 04 f9 04 cb 04 f7 04 c6 04 0d 05 b0 04 0f 05
06 00 00 80 3f 00 00 80 3f 64 00 00 00 00   04 00           e6 04 f8 04 09 05 f8 04 05 05 09 05 ed 04 0a 05
06 00 00 80 3f 00 00 80 3f 64 00 00 00 00   04 00           f1 04 6b 05 0c 05 6d 05 07 05 76 05 f6 04 78 05
06 00 00 80 3f 00 00 80 3f 64 00 00 00 00   04 00           16 05 4f 05 31 05 4f 05 2f 05 5c 05 1d 05 5d 05
06 00 00 80 3f 00 00 80 3f 64 00 00 00 00   04 00           43 05 41 05 5a 05 41 05 56 05 4b 05 47 05 4c 05
06 00 00 80 3f 00 00 80 3f 64 00 00 00 00   03 00           1f 05 69 05 2f 05 69 05 28 05 73 05
06 00 00 80 3f 00 00 80 3f 64 00 00 00 00   03 00           da 01 ec 03 ec 01 ec 03 e3 01 f4 03
06 00 00 80 3f 00 00 80 3f 64 00 00 00 00   0b 00           94 01 ff 03 ac 01 ff 03 ac 01 08 04 bb 01 0c 04 be 01 01 04 cf 01 04 04 cd 01 10 04 b9 01 16 04 ae 01 17 04 a9 01 09 04 95 01 07 04
06 00 00 80 3f 00 00 80 3f 64 00 00 00 00   08 00           de 01 fe 03 ec 01 ff 03 ed 01 09 04 fc 01 0d 04 f9 01 16 04 ed 01 16 04 eb 01 0b 04 dc 01 09 04
06 00 00 80 3f 00 00 80 3f 64 00 00 00 00   04 00           34 01 04 04 47 01 08 04 42 01 13 04 36 01 12 04
06 00 00 80 3f 00 00 80 3f 64 00 00 00 00   04 00           14 01 0a 04 25 01 0a 04 2e 01 1b 04 1c 01 1d 04
06 00 00 80 3f 00 00 80 3f 64 00 00 00 00   05 00           03 00 ea 03 0f 00 e9 03 1b 00 f5 03 15 00 fd 03 09 00 fd 03
06 00 00 80 3f 00 00 80 3f 64 00 00 00 00   04 00           1b 00 05 04 2b 00 05 04 2a 00 0d 04 1d 00 0d 04
06 00 00 80 3f 00 00 80 3f 64 00 00 00 00   04 00           1f 00 17 04 32 00 17 04 2d 00 20 04 24 00 20 04
06 00 00 80 3f 00 00 80 3f 64 00 00 00 00   04 00           0d 00 22 04 1b 00 23 04 17 00 29 04 0f 00 2a 04
06 00 00 80 3f 00 00 80 3f 64 00 00 00 00   04 00           89 00 0a 04 98 00 0b 04 95 00 13 04 8d 00 14 04
06 00 00 80 3f 00 00 80 3f 64 00 00 00 00   04 00           9e 00 11 04 b1 00 12 04 ad 00 1c 04 a2 00 1d 04
06 00 00 80 3f 00 00 80 3f 64 00 00 00 00   04 00           1d 02 f1 03 3d 02 f0 03 37 02 fb 03 25 02 fc 03
06 00 00 80 3f 00 00 80 3f 64 00 00 00 00   04 00           68 02 f6 03 85 02 f7 03 7d 02 02 04 70 02 03 04
06 00 00 80 3f 00 00 80 3f 64 00 00 00 00   04 00           00 00 3d 04 26 00 3e 04 22 00 4f 04 02 00 54 04
06 00 00 80 3f 00 00 80 3f 64 00 00 00 00   04 00           3e 00 48 04 57 00 4a 04 4f 00 56 04 40 00 58 04
06 00 00 80 3f 00 00 80 3f 64 00 00 00 00   04 00           6a 00 2e 04 80 00 31 04 7a 00 3d 04 6d 00 3b 04
06 00 00 80 3f 00 00 80 3f 64 00 00 00 00   04 00           4d 01 44 04 63 01 45 04 62 01 51 04 50 01 50 04
06 00 00 80 3f 00 00 80 3f 64 00 00 00 00   04 00           76 01 33 04 8c 01 34 04 88 01 4f 04 7d 01 50 04
06 00 00 80 3f 00 00 80 3f 64 00 00 00 00   04 00           d6 01 23 04 eb 01 24 04 e5 01 2e 04 d9 01 30 04
06 00 00 80 3f 00 00 80 3f 64 00 00 00 00   04 00           21 02 27 04 38 02 29 04 35 02 33 04 28 02 35 04
06 00 00 80 3f 00 00 80 3f 64 00 00 00 00   04 00           47 02 1d 04 54 02 1b 04 52 02 24 04 4b 02 26 04
06 00 00 80 3f 00 00 80 3f 64 00 00 00 00   04 00           3d 02 37 04 51 02 36 04 4c 02 42 04 42 02 42 04
06 00 00 80 3f 00 00 80 3f 64 00 00 00 00   04 00           ab 01 2a 04 bb 01 2a 04 b7 01 34 04 ad 01 35 04
06 00 00 80 3f 00 00 80 3f 64 00 00 00 00   04 00           39 00 7b 04 4c 00 7c 04 48 00 87 04 3e 00 87 04
06 00 00 80 3f 00 00 80 3f 64 00 00 00 00   04 00           26 00 89 04 38 00 8a 04 32 00 94 04 29 00 93 04
06 00 00 80 3f 00 00 80 3f 64 00 00 00 00   04 00           99 00 81 04 ad 00 80 04 ab 00 8b 04 9c 00 8c 04
06 00 00 80 3f 00 00 80 3f 64 00 00 00 00   04 00           b5 00 7c 04 c7 00 7d 04 c2 00 88 04 b6 00 88 04
06 00 00 80 3f 00 00 80 3f 64 00 00 00 00   08 00           04 00 a9 04 27 00 aa 04 20 00 bb 04 25 00 c7 04 1f 00 d4 04 0f 00 d2 04 0d 00 c4 04 01 00 c1 04
06 00 00 80 3f 00 00 80 3f 64 00 00 00 00   04 00           50 00 b7 04 7a 00 b8 04 70 00 c5 04 5a 00 c8 04
06 00 00 80 3f 00 00 80 3f 64 00 00 00 00   04 00           a4 00 a6 04 bf 00 a8 04 b5 00 b2 04 a9 00 b5 04
06 00 00 80 3f 00 00 80 3f 64 00 00 00 00   04 00           d0 00 99 04 e2 00 99 04 e0 00 a3 04 d2 00 a3 04
06 00 00 80 3f 00 00 80 3f 64 00 00 00 00   04 00           58 01 8f 04 70 01 91 04 6a 01 9e 04 5a 01 9f 04
06 00 00 80 3f 00 00 80 3f 64 00 00 00 00   04 00           0a 00 de 04 19 00 e0 04 16 00 e8 04 0e 00 e7 04
06 00 00 80 3f 00 00 80 3f 64 00 00 00 00   06 00           83 00 c6 04 99 00 c8 04 8f 00 d8 04 86 00 e0 04 7c 00 de 04 7a 00 d1 04
06 00 00 80 3f 00 00 80 3f 64 00 00 00 00   04 00           b0 00 c1 04 bc 00 c1 04 b9 00 c8 04 b3 00 ca 04
06 00 00 80 3f 00 00 80 3f 64 00 00 00 00   04 00           6e 01 ae 04 87 01 ae 04 82 01 ba 04 71 01 ba 04
06 00 00 80 3f 00 00 80 3f 64 00 00 00 00   04 00           01 00 0c 05 16 00 0c 05 11 00 16 05 03 00 16 05
06 00 00 80 3f 00 00 80 3f 64 00 00 00 00   04 00           2f 00 f7 04 43 00 f8 04 43 00 15 05 33 00 16 05
06 00 00 80 3f 00 00 80 3f 64 00 00 00 00   05 00           18 00 16 05 2f 00 15 05 2b 00 1e 05 35 00 27 05 27 00 2a 05
06 00 00 80 3f 00 00 80 3f 64 00 00 00 00   04 00           73 00 ec 04 86 00 ee 04 83 00 f8 04 78 00 f8 04
06 00 00 80 3f 00 00 80 3f 64 00 00 00 00   03 00           9b 00 de 04 a8 00 de 04 a2 00 e5 04
06 00 00 80 3f 00 00 80 3f 64 00 00 00 00   08 00           9b 00 fd 04 a8 00 fb 04 ac 00 f1 04 bb 00 f3 04 b8 00 fe 04 ac 00 fe 04 ab 00 06 05 9e 00 05 05
06 00 00 80 3f 00 00 80 3f 64 00 00 00 00   04 00           6d 00 05 05 85 00 09 05 80 00 13 05 71 00 14 05
06 00 00 80 3f 00 00 80 3f 64 00 00 00 00   04 00           4d 00 1e 05 62 00 1e 05 5e 00 28 05 4f 00 28 05
06 00 00 80 3f 00 00 80 3f 64 00 00 00 00   04 00           38 01 da 04 60 01 d8 04 60 01 ed 04 3c 01 f5 04
06 00 00 80 3f 00 00 80 3f 64 00 00 00 00   06 00           ac 00 23 05 bd 00 23 05 bb 00 15 05 dd 00 14 05 dd 00 26 05 b2 00 38 05
06 00 00 80 3f 00 00 80 3f 64 00 00 00 00   04 00           f4 00 2c 05 09 01 2e 05 08 01 37 05 f6 00 37 05
06 00 00 80 3f 00 00 80 3f 64 00 00 00 00   04 00           3f 01 24 05 56 01 21 05 54 01 2e 05 46 01 2f 05
06 00 00 80 3f 00 00 80 3f 64 00 00 00 00   03 00           5a 01 fc 04 65 01 fc 04 5f 01 06 05
06 00 00 80 3f 00 00 80 3f 64 00 00 00 00   04 00           69 01 06 05 79 01 06 05 77 01 12 05 6e 01 12 05
06 00 00 80 3f 00 00 80 3f 64 00 00 00 00   04 00           81 01 fb 04 96 01 fc 04 92 01 0a 05 84 01 0a 05
06 00 00 80 3f 00 00 80 3f 64 00 00 00 00   04 00           8c 01 17 05 a0 01 16 05 9d 01 22 05 8f 01 24 05
06 00 00 80 3f 00 00 80 3f 64 00 00 00 00   04 00           c9 01 df 04 df 01 dd 04 dd 01 e8 04 d0 01 ea 04
06 00 00 80 3f 00 00 80 3f 64 00 00 00 00   04 00           ee 02 00 04 01 03 00 04 fe 02 0b 04 f2 02 0b 04
06 00 00 80 3f 00 00 80 3f 64 00 00 00 00   04 00           f0 02 3f 04 08 03 3e 04 04 03 4a 04 f2 02 4a 04
06 00 00 80 3f 00 00 80 3f 64 00 00 00 00   07 00           00 03 50 04 1f 03 4a 04 1d 03 54 04 2c 03 59 04 23 03 64 04 17 03 64 04 04 03 5f 04
06 00 00 80 3f 00 00 80 3f 64 00 00 00 00   04 00           34 03 46 04 53 03 47 04 56 03 54 04 40 03 51 04
06 00 00 80 3f 00 00 80 3f 64 00 00 00 00   04 00           d7 03 62 04 ec 03 66 04 ea 03 76 04 da 03 77 04
06 00 00 80 3f 00 00 80 3f 64 00 00 00 00   04 00           ec 02 a4 04 ff 02 a5 04 fb 02 b3 04 e9 02 b4 04
06 00 00 80 3f 00 00 80 3f 64 00 00 00 00   08 00           54 03 a6 04 6a 03 a5 04 66 03 b0 04 7d 03 b2 04 78 03 bc 04 69 03 be 04 65 03 b2 04 58 03 b3 04
06 00 00 80 3f 00 00 80 3f 64 00 00 00 00   04 00           24 03 ba 04 50 03 b3 04 4f 03 c1 04 2d 03 c7 04
06 00 00 80 3f 00 00 80 3f 64 00 00 00 00   04 00           a9 03 9c 04 be 03 9c 04 bb 03 a8 04 b0 03 a9 04
06 00 00 80 3f 00 00 80 3f 64 00 00 00 00   04 00           8c 03 d4 04 b6 03 d6 04 b2 03 ee 04 93 03 ed 04
06 00 00 80 3f 00 00 80 3f 64 00 00 00 00   04 00           f5 02 ea 04 17 03 e9 04 13 03 ff 04 ff 02 00 05
06 00 00 80 3f 00 00 80 3f 64 00 00 00 00   04 00           5b 03 d1 04 6c 03 d2 04 69 03 db 04 5b 03 dd 04
06 00 00 80 3f 00 00 80 3f 64 00 00 00 00   04 00           66 03 07 05 79 03 07 05 77 03 13 05 6a 03 15 05
06 00 00 80 3f 00 00 80 3f 64 00 00 00 00   04 00           a2 03 02 05 b8 03 03 05 ad 03 1e 05 a0 03 1d 05
06 00 00 80 3f 00 00 80 3f 64 00 00 00 00   04 00           de 03 f4 04 f1 03 f4 04 ef 03 fe 04 e1 03 00 05
06 00 00 80 3f 00 00 80 3f 64 00 00 00 00   04 00           c7 03 0d 05 eb 03 0f 05 e7 03 29 05 c5 03 2e 05
06 00 00 80 3f 00 00 80 3f 64 00 00 00 00   04 00           78 02 3b 05 94 02 3d 05 8c 02 4a 05 81 02 4c 05
06 00 00 80 3f 00 00 80 3f 64 00 00 00 00   04 00           40 02 4c 05 54 02 4b 05 51 02 55 05 42 02 57 05
06 00 00 80 3f 00 00 80 3f 64 00 00 00 00   04 00           42 02 79 05 7b 02 76 05 76 02 7e 05 46 02 7f 05
06 00 00 80 3f 00 00 80 3f 64 00 00 00 00   04 00           ac 02 38 05 bc 02 39 05 ba 02 42 05 af 02 43 05
06 00 00 80 3f 00 00 80 3f 64 00 00 00 00   04 00           cf 02 52 05 ee 02 52 05 f1 02 5e 05 d0 02 60 05
06 00 00 80 3f 00 00 80 3f 64 00 00 00 00   04 00           c0 02 6f 05 d6 02 6f 05 d2 02 7b 05 c6 02 7d 05
06 00 00 80 3f 00 00 80 3f 64 00 00 00 00   04 00           ea 02 76 05 04 03 76 05 ff 02 7f 05 ed 02 7f 05
06 00 00 80 3f 00 00 80 3f 64 00 00 00 00   04 00           04 03 4e 05 1c 03 4f 05 19 03 57 05 06 03 59 05
06 00 00 80 3f 00 00 80 3f 64 00 00 00 00   08 00           21 03 3f 05 35 03 3f 05 33 03 47 05 41 03 4a 05 3d 03 50 05 33 03 51 05 2f 03 48 05 23 03 49 05
06 00 00 80 3f 00 00 80 3f 64 00 00 00 00   0c 00           5c 03 39 05 6e 03 37 05 6f 03 2b 05 84 03 2d 05 83 03 37 05 72 03 39 05 6e 03 43 05 99 03 3f 05 97 03 4b 05 73 03 4f 05 6d 03 45 05 5c 03 43 05
06 00 00 80 3f 00 00 80 3f 64 00 00 00 00   08 00           e4 03 34 05 f3 03 35 05 f2 03 3f 05 03 04 40 05 02 04 4c 05 f8 03 4c 05 f0 03 41 05 e6 03 3f 05
06 00 00 80 3f 00 00 80 3f 64 00 00 00 00   04 00           0a 04 37 05 21 04 37 05 1c 04 44 05 0b 04 44 05
06 00 00 80 3f 00 00 80 3f 64 00 00 00 00   04 00           54 04 3b 05 68 04 3d 05 67 04 4f 05 56 04 51 05
06 00 00 80 3f 00 00 80 3f 64 00 00 00 00   04 00           78 03 64 05 91 03 67 05 8a 03 75 05 7c 03 74 05
06 00 00 80 3f 00 00 80 3f 64 00 00 00 00   04 00           ab 03 68 05 c1 03 68 05 bd 03 72 05 b1 03 74 05
06 00 00 80 3f 00 00 80 3f 64 00 00 00 00   04 00           c9 03 5b 05 dd 03 5a 05 da 03 67 05 cd 03 67 05

SECTION 2----------------------------------------------------------------------------------------------------------------------------------------------------------------------------------------------------------------------------------------------------------------------------------------------------------------------------------------------------------------------------------------------------------------------------------------------------------------------------------------------------------------------------------------------------------------------------------------------------------------------------------------------------------------------------------------------------------------------------------------------------------------------------------------------------------------------------------------------------------------------------------------------------------------------------------------------------------------------------------------------------------------------------------------

HEADER
ff ff 03 00

METADATA                                    # COORDINATES   COORDINATES
08 00 00                                    2e 00           1c 02 ba 01 9a 02 89 01 a6 02 8c 01 c6 02 7c 01 e6 02 76 01 f7 02 7c 01 f2 02 8f 01 da 02 a3 01 be 02 ae 01 c6 02 b9 01 c6 02 cc 01 a9 02 cf 01 c5 02 de 01 d9 02 ef 01 df 02 fd 01 d3 02 06 02 97 02 21 02 9b 02 28 02 06 03 01 02 0d 03 06 02 01 03 11 02 9a 02 3d 02 60 02 50 02 3f 02 89 02 15 02 b6 02 fb 01 c4 02 ea 01 c4 02 fe 01 ce 02 ce 01 ea 02 d0 01 f6 02 c4 01 ef 02 c8 01 01 03 51 02 3e 03 2c 02 5a 03 31 02 61 03 0e 02 79 03 7f 02 a1 03 28 03 62 03 75 03 80 03 de 03 71 03 5d 04 25 03 d3 03 27 04 10 03 fc 03 3d 02 c8 03 bc 01 97 03 ee 00 f0 02
08 00 00                                    05 00           02 02 d0 00 8f 02 42 01 71 02 6c 01 0f 02 93 01 cb 01 fb 00
08 00 00                                    04 00           c0 03 22 01 f6 03 32 01 e1 03 58 01 78 03 82 01

SECTION 3----------------------------------------------------------------------------------------------------------------------------------------------------------------------------------------------------------------------------------------------------------------------------------------------------------------------------------------------------------------------------------------------------------------------------------------------------------------------------------------------------------------------------------------------------------------------------------------------------------------------------------------------------------------------------------------------------------------------------------------------------------------------------------------------------------------------------------------------------------------------------------------------------------------------------------------------------------------------------------------------------------------------------------------

HEADER
ff ff 05 00

METADATA                                    # COORDINATES   COORDINATES
08 01 00                                    0f 00           cc 01 00 00 00 02 00 00 34 02 0d 00 42 02 00 00 8e 02 15 00 2c 02 89 00 7a 02 9a 00 7f 02 b4 00 6e 02 d4 00 33 02 f7 00 8e 02 42 01 41 02 69 01 20 02 34 01 f0 01 46 01 0e 01 f4 00
08 01 00                                    04 00           e1 03 2e 02 14 04 39 02 ef 03 66 02 9c 03 8d 02
08 01 00                                    05 00           56 03 6e 03 a6 03 82 03 8d 03 a5 03 4d 03 c0 03 2e 03 a9 03
08 01 00                                    04 00           57 01 e3 02 6e 01 ec 02 40 01 07 03 14 01 fb 02
08 01 00                                    07 00           84 03 3c 00 90 03 40 00 82 03 54 00 7f 03 65 00 6f 03 7e 00 66 03 b4 00 2f 03 e2 00

SECTION 4----------------------------------------------------------------------------------------------------------------------------------------------------------------------------------------------------------------------------------------------------------------------------------------------------------------------------------------------------------------------------------------------------------------------------------------------------------------------------------------------------------------------------------------------------------------------------------------------------------------------------------------------------------------------------------------------------------------------------------------------------------------------------------------------------------------------------------------------------------------------------------------------------------------------------------------------------------------------------------------------------------------------------------------

HEADER
ff ff 07 00

METADATA                                    # COORDINATES   COORDINATES
08 02 00                                    03 00           7a 01 7c 00 db 01 6d 00 be 01 90 00
08 02 00                                    0a 00           3b 01 2d 00 63 01 3f 00 3a 01 4b 00 3b 01 53 00 44 01 54 00 6f 01 43 00 a1 01 50 00 85 01 65 00 5c 01 7a 00 0b 01 5c 00
08 02 00                                    03 00           d9 01 3e 00 ed 01 45 00 c4 01 55 00
08 02 00                                    06 00           8b 04 7a 00 9e 04 7a 00 b8 04 82 00 ca 04 95 00 c8 04 dc 00 4f 04 b6 00
08 02 00                                    03 00           25 04 26 00 37 04 29 00 04 04 4d 00
08 02 00                                    07 00           83 03 3d 00 90 03 40 00 81 03 55 00 7e 03 65 00 6f 03 7d 00 65 03 b3 00 31 03 df 00
08 02 00                                    04 00           f0 03 00 00 02 04 00 00 04 04 0f 00 d5 03 41 00

SECTION 5----------------------------------------------------------------------------------------------------------------------------------------------------------------------------------------------------------------------------------------------------------------------------------------------------------------------------------------------------------------------------------------------------------------------------------------------------------------------------------------------------------------------------------------------------------------------------------------------------------------------------------------------------------------------------------------------------------------------------------------------------------------------------------------------------------------------------------------------------------------------------------------------------------------------------------------------------------------------------------------------------------------------------------------

HEADER
ff ff 01 00

METADATA                                    # COORDINATES   COORDINATES
08 03 00                                    04 00           f0 03 00 00 02 04 00 00 03 04 0f 00 d5 03 41 00

SECTION 6----------------------------------------------------------------------------------------------------------------------------------------------------------------------------------------------------------------------------------------------------------------------------------------------------------------------------------------------------------------------------------------------------------------------------------------------------------------------------------------------------------------------------------------------------------------------------------------------------------------------------------------------------------------------------------------------------------------------------------------------------------------------------------------------------------------------------------------------------------------------------------------------------------------------------------------------------------------------------------------------------------------------------------------

HEADER
ff ff 00 00

METADATA                                    # COORDINATES   COORDINATES

SECTION 7----------------------------------------------------------------------------------------------------------------------------------------------------------------------------------------------------------------------------------------------------------------------------------------------------------------------------------------------------------------------------------------------------------------------------------------------------------------------------------------------------------------------------------------------------------------------------------------------------------------------------------------------------------------------------------------------------------------------------------------------------------------------------------------------------------------------------------------------------------------------------------------------------------------------------------------------------------------------------------------------------------------------------------------

HEADER
ff ff 00 00

METADATA                                    # COORDINATES   COORDINATES
