SECTION 1----------------------------------------------------------------------------------------------------------------------------------------------------------------------------------------------------------------------------------------------------------------------------------------------------------------------------------------------------------------------------------------------------------------------------------------------------------------------------------------------------------------------------------------------------------------------------------------------------------------------------------------------------------------------------------------------------------------------------------------------------------------------------------------------------------------------------------------------------------------------------------------------------------------------------------------------------------------------------------------------------------------------------------------

HEADER
ff ff 3e 00

METADATA                                    # COORDINATES   COORDINATES
01 00 00 80 3f 00 00 80 3f 64 00 00 00 00   04 00           f5 03 89 01 9d 04 e9 01 81 04 f7 01 e2 03 99 01 
01 00 00 80 3f 00 00 80 3f 64 00 00 00 00   09 00           ac 03 8a 02 1f 03 26 02 43 03 13 02 d2 03 73 02 ed 03 82 02 ea 03 a5 02 5f 03 f6 02 46 03 e3 02 ac 03 a6 02 
01 00 00 80 3f 00 00 80 3f 64 00 00 00 00   04 00           80 02 56 03 2b 03 f5 02 41 03 01 03 97 02 64 03 
01 00 00 80 3f 00 00 80 3f 64 00 00 00 00   04 00           f9 01 31 04 39 02 0a 04 50 02 18 04 0e 02 3f 04 
01 00 00 80 3f 00 00 80 3f 64 00 00 00 00   04 00           c1 00 53 05 37 01 99 05 1e 01 aa 05 aa 00 64 05 
01 00 00 80 3f 00 00 80 3f 64 00 00 00 00   0a 00           24 03 bb 03 04 04 38 04 ff 03 43 04 a5 04 a4 04 e5 04 a1 04 0d 06 f1 03 33 06 08 04 e7 04 c5 04 9e 04 c6 04 02 03 d0 03 
01 00 00 80 3f 00 00 80 3f 64 00 00 00 00   06 00           01 07 f7 04 55 08 27 04 c8 08 62 04 9d 08 81 04 c7 08 9c 04 8c 07 50 05 
01 00 00 80 3f 00 00 80 3f 64 00 00 00 00   04 00           c7 04 73 02 f2 04 7a 02 e8 04 98 02 ba 04 8e 02 
01 00 00 80 3f 00 00 80 3f 64 00 00 00 00   04 00           54 07 95 05 7e 07 a7 05 11 07 e8 05 e8 06 cf 05 
01 00 00 80 3f 00 00 80 3f 64 00 00 00 00   04 00           52 02 c3 01 6e 02 b2 01 ec 02 f9 01 ca 02 0a 02 
01 00 00 80 3f 00 00 80 3f 64 00 00 00 00   04 00           2f 00 ea 05 4a 00 e9 05 57 00 09 06 3c 00 0e 06 
01 00 00 80 3f 00 00 80 3f 64 00 00 00 00   04 00           b0 00 bf 06 24 01 a1 06 32 01 b2 06 00 01 bf 06 
06 00 00 80 3f 00 00 80 3f 64 00 00 00 00   04 00           5e 09 58 03 75 09 59 03 6d 09 67 03 61 09 66 03 
06 00 00 80 3f 00 00 80 3f 64 00 00 00 00   04 00           33 09 66 03 4f 09 64 03 4b 09 73 03 3d 09 75 03 
06 00 00 80 3f 00 00 80 3f 64 00 00 00 00   04 00           8d 09 a0 04 a6 09 9e 04 a8 09 af 04 96 09 b0 04 
06 00 00 80 3f 00 00 80 3f 64 00 00 00 00   04 00           5d 09 b0 04 71 09 af 04 6e 09 bc 04 61 09 bc 04 
06 00 00 80 3f 00 00 80 3f 64 00 00 00 00   04 00           0d 09 3b 05 21 09 39 05 20 09 48 05 12 09 49 05 
06 00 00 80 3f 00 00 80 3f 64 00 00 00 00   04 00           fe 08 56 05 1b 09 55 05 18 09 65 05 0a 09 69 05 
06 00 00 80 3f 00 00 80 3f 64 00 00 00 00   04 00           2c 09 58 05 41 09 58 05 3f 09 65 05 32 09 67 05 
06 00 00 80 3f 00 00 80 3f 64 00 00 00 00   06 00           81 08 32 05 97 08 31 05 9f 08 4b 05 93 08 57 05 7a 08 57 05 73 08 45 05 
06 00 00 80 3f 00 00 80 3f 64 00 00 00 00   04 00           1d 08 70 05 30 08 72 05 30 08 7d 05 1f 08 7e 05 
06 00 00 80 3f 00 00 80 3f 64 00 00 00 00   04 00           d7 06 26 06 f4 06 23 06 f0 06 31 06 e0 06 33 06 
06 00 00 80 3f 00 00 80 3f 64 00 00 00 00   04 00           04 07 48 06 1c 07 48 06 19 07 55 06 08 07 57 06 
06 00 00 80 3f 00 00 80 3f 64 00 00 00 00   04 00           b4 06 45 06 cb 06 44 06 c6 06 50 06 b6 06 51 06 
06 00 00 80 3f 00 00 80 3f 64 00 00 00 00   04 00           b5 06 61 06 cc 06 61 06 c6 06 6b 06 ba 06 6b 06 
06 00 00 80 3f 00 00 80 3f 64 00 00 00 00   04 00           10 02 e8 04 31 02 da 04 47 02 ee 04 2a 02 fd 04 
06 00 00 80 3f 00 00 80 3f 64 00 00 00 00   05 00           53 01 8e 04 6a 01 89 04 70 01 ae 04 56 01 b7 04 5c 01 9d 04 
03 00 00 80 3f 00 00 80 3f 64 00 00 00 00   04 00           b8 00 00 00 da 00 00 00 f8 00 14 00 e3 00 1a 00 
03 00 00 80 3f 00 00 80 3f 64 00 00 00 00   20 00           5a 01 33 00 75 01 3e 00 cd 01 35 00 09 02 55 00 29 02 41 00 79 02 90 00 c4 02 b2 00 25 03 f2 00 5b 03 21 01 ed 03 44 01 e7 03 77 01 c2 03 7b 01 94 03 56 01 6e 03 57 01 77 03 40 01 4c 03 2f 01 2b 03 17 01 10 03 19 01 00 03 02 01 09 03 fc 00 e1 02 e4 00 b4 02 ef 00 93 02 e0 00 a5 02 ca 00 83 02 c0 00 67 02 a0 00 1b 02 7a 00 1b 02 5e 00 c6 01 53 00 bc 01 42 00 73 01 44 00 5f 01 3f 00 
03 00 00 80 3f 00 00 80 3f 64 00 00 00 00   0f 00           9c 04 ed 01 04 05 b8 01 b5 04 8a 01 19 05 54 01 24 05 13 01 3d 05 44 01 c2 05 43 01 b0 05 f4 00 e4 05 08 01 71 06 a3 01 4b 06 b3 01 52 06 cc 01 3c 06 ce 01 1e 06 bb 01 2e 05 da 01 
03 00 00 80 3f 00 00 80 3f 64 00 00 00 00   10 00           3b 06 05 02 4f 06 e1 01 75 06 da 01 95 06 e3 01 a1 06 da 01 b5 06 e9 01 f1 06 ff 01 45 07 3d 02 ca 06 2c 02 c2 06 38 02 ae 06 38 02 8d 06 41 02 a3 06 52 02 a3 06 5c 02 51 06 6f 02 3b 06 1e 02 
03 00 00 80 3f 00 00 80 3f 64 00 00 00 00   20 00           fa 05 84 02 35 06 8b 02 35 06 98 02 24 06 a9 02 17 06 cc 02 16 06 de 02 f1 05 eb 02 11 06 f1 02 24 06 ef 02 2f 06 f5 02 1c 06 08 03 e6 05 0e 03 ba 05 2f 03 71 05 4c 03 71 05 40 03 88 05 2f 03 aa 05 22 03 be 05 23 03 c8 05 07 03 a6 05 0c 03 76 05 fc 02 74 05 ed 02 59 05 fd 02 9b 05 14 03 50 05 49 03 37 05 55 03 5b 05 6d 03 22 05 89 03 c1 04 51 03 a2 04 c1 02 b7 04 ba 02 a8 04 af 02 
03 00 00 80 3f 00 00 80 3f 64 00 00 00 00   0a 00           51 06 9c 02 ce 06 cf 02 ab 06 d5 02 a6 06 e1 02 bc 06 e5 02 e6 06 10 03 58 06 f1 02 48 06 ee 02 3f 06 d2 02 42 06 b9 02 
03 00 00 80 3f 00 00 80 3f 64 00 00 00 00   08 00           b6 07 99 02 11 08 b0 02 45 08 df 02 db 07 21 03 e1 07 03 03 c8 07 fe 02 c2 07 e3 02 a7 07 dc 02 
03 00 00 80 3f 00 00 80 3f 64 00 00 00 00   0a 00           21 09 e7 02 f8 09 d0 02 f8 09 2f 03 c5 09 34 03 dd 09 0f 03 b8 09 0d 03 ba 09 f7 02 98 09 08 03 7a 09 10 03 5c 09 10 03 
03 00 00 80 3f 00 00 80 3f 64 00 00 00 00   06 00           10 09 08 03 21 09 19 03 45 09 21 03 5b 09 2b 03 5f 09 38 03 18 09 31 03 
03 00 00 80 3f 00 00 80 3f 64 00 00 00 00   09 00           f9 09 9c 03 f9 09 c2 03 a0 09 bf 03 81 09 a8 03 8e 09 95 03 ab 09 93 03 94 09 9f 03 a0 09 bb 03 c2 09 9c 03 
03 00 00 80 3f 00 00 80 3f 64 00 00 00 00   1e 00           23 09 71 03 3a 09 72 03 28 09 8d 03 4f 09 84 03 4a 09 92 03 24 09 97 03 22 09 af 03 52 09 a8 03 66 09 b4 03 62 09 cb 03 5a 09 e6 03 50 09 ff 03 41 09 01 04 54 09 0a 04 6a 09 fb 03 6c 09 ee 03 85 09 ed 03 a8 09 eb 03 c1 09 ec 03 c7 09 fd 03 da 09 ff 03 cd 09 12 04 9c 09 25 04 72 09 32 04 28 09 4f 04 10 09 63 04 ca 08 6d 04 c1 08 57 04 ee 08 01 04 d5 08 a8 03 
03 00 00 80 3f 00 00 80 3f 64 00 00 00 00   19 00           fc 09 48 04 fd 09 70 04 fe 09 36 05 bb 09 97 05 50 09 8b 05 5b 09 5a 05 25 09 3f 05 38 09 30 05 23 09 0e 05 e0 08 1d 05 da 08 0f 05 e9 08 f1 04 fc 08 e8 04 1c 09 e4 04 12 09 0f 05 27 09 0c 05 34 09 e4 04 75 09 ea 04 75 09 b9 04 6b 09 99 04 83 09 95 04 8f 09 b5 04 fc 09 a9 04 fc 09 7e 04 d9 09 5b 04 
03 00 00 80 3f 00 00 80 3f 64 00 00 00 00   13 00           c9 08 1a 05 e9 08 46 05 d4 08 62 05 b5 08 6b 05 b3 08 81 05 9a 08 cb 05 2e 09 c3 05 79 09 f4 05 ea 08 49 06 c8 08 14 06 84 08 f6 05 71 08 05 06 51 08 01 06 41 08 d2 05 3f 08 ad 05 5f 08 87 05 75 08 5a 05 a5 08 57 05 9d 08 25 05 
03 00 00 80 3f 00 00 80 3f 64 00 00 00 00   0c 00           b4 05 bf 06 00 07 00 06 0c 07 1f 06 d7 06 23 06 b0 06 48 06 b5 06 6c 06 f7 06 7a 06 1d 07 52 06 20 07 3a 06 38 07 2c 06 44 07 3e 06 2b 07 bf 06 
03 00 00 80 3f 00 00 80 3f 64 00 00 00 00   0e 00           df 05 11 05 14 06 17 05 03 06 54 05 3e 06 59 05 6a 06 33 05 6c 06 1e 05 81 06 4a 05 7d 06 59 05 23 06 68 05 ef 05 6b 05 08 06 7b 05 03 06 89 05 e5 05 8f 05 35 05 56 05 
03 00 00 80 3f 00 00 80 3f 64 00 00 00 00   06 00           7d 03 87 06 c7 03 9d 06 d3 03 96 06 e6 03 99 06 23 04 be 06 87 03 bf 06 
03 00 00 80 3f 00 00 80 3f 64 00 00 00 00   06 00           a8 03 df 05 ba 03 f1 05 ac 03 2e 06 74 03 3e 06 5d 03 2e 06 5b 03 10 06 
03 00 00 80 3f 00 00 80 3f 64 00 00 00 00   07 00           2d 04 21 05 39 04 20 05 35 04 36 05 be 03 77 05 99 03 7a 05 82 03 87 05 6c 03 83 05 
03 00 00 80 3f 00 00 80 3f 64 00 00 00 00   04 00           5b 03 3b 05 37 03 4e 05 52 03 69 05 7d 03 50 05 
03 00 00 80 3f 00 00 80 3f 64 00 00 00 00   04 00           29 03 eb 04 5e 03 07 05 2a 03 27 05 21 03 08 05 
03 00 00 80 3f 00 00 80 3f 64 00 00 00 00   07 00           df 02 c2 04 0b 03 99 04 1f 03 b4 04 0b 03 cc 04 eb 02 e2 04 d5 02 e2 04 be 02 ca 04 
03 00 00 80 3f 00 00 80 3f 64 00 00 00 00   07 00           5d 02 6e 05 72 02 6a 05 7b 02 7b 05 92 02 7d 05 ae 02 a7 05 86 02 b6 05 5c 02 9c 05 
03 00 00 80 3f 00 00 80 3f 64 00 00 00 00   05 00           4e 01 21 05 cd 01 71 05 79 01 67 05 55 01 59 05 40 01 36 05 
03 00 00 80 3f 00 00 80 3f 64 00 00 00 00   15 00           69 01 0c 06 47 01 13 06 ff 00 04 06 ea 00 05 06 01 01 f4 05 00 01 d8 05 e8 00 ea 05 cd 00 f8 05 87 00 d0 05 48 00 e6 05 2f 00 e8 05 11 00 f8 05 01 00 e5 05 00 00 62 05 3e 00 30 05 8a 00 64 05 1d 00 ac 05 4f 00 cc 05 1a 01 b2 05 57 01 91 05 72 01 a2 05 
03 00 00 80 3f 00 00 80 3f 64 00 00 00 00   09 00           29 01 9d 04 59 01 9e 04 54 01 b9 04 3f 01 cc 04 3b 01 db 04 1f 01 f1 04 fa 00 06 05 d5 00 17 05 b5 00 0f 05 
03 00 00 80 3f 00 00 80 3f 64 00 00 00 00   0b 00           1c 00 e1 04 25 00 f7 04 3b 00 04 05 55 00 12 05 7b 00 1f 05 93 00 29 05 76 00 2e 05 3f 00 1d 05 1d 00 05 05 0c 00 ef 04 10 00 dc 04 
03 00 00 80 3f 00 00 80 3f 64 00 00 00 00   08 00           45 00 3c 04 5c 00 45 04 7e 00 38 04 55 00 70 04 23 00 8f 04 1f 00 b5 04 02 00 d4 04 00 00 63 04 
03 00 00 80 3f 00 00 80 3f 64 00 00 00 00   09 00           14 01 c5 03 6c 01 d8 03 3d 01 0b 04 86 01 31 04 c6 01 1c 04 dd 01 39 04 77 01 39 04 2c 01 16 04 0e 01 f7 03 
03 00 00 80 3f 00 00 80 3f 64 00 00 00 00   09 00           72 01 ea 02 40 01 e6 02 34 01 fd 02 28 01 06 03 33 01 27 03 50 01 43 03 4b 01 4b 03 00 01 26 03 49 01 d1 02 
03 00 00 80 3f 00 00 80 3f 64 00 00 00 00   04 00           31 02 53 01 c5 02 7d 01 d1 01 0c 02 61 01 be 01 
03 00 00 80 3f 00 00 80 3f 64 00 00 00 00   05 00           e8 02 b9 01 0c 03 a6 01 40 03 c4 01 78 03 f4 01 ee 02 d4 01 
03 00 00 80 3f 00 00 80 3f 64 00 00 00 00   04 00           5b 02 46 06 8c 02 32 06 58 02 6e 06 38 02 78 06 
03 00 00 80 3f 00 00 80 3f 64 00 00 00 00   07 00           16 03 b5 05 34 03 a6 05 37 03 b1 05 28 03 bb 05 2b 03 c9 05 13 03 d3 05 0c 03 ce 05 
03 00 00 80 3f 00 00 80 3f 64 00 00 00 00   04 00           28 04 35 06 a7 04 7f 06 36 05 40 06 9e 04 e7 05 
03 00 00 80 3f 00 00 80 3f 64 00 00 00 00   04 00           2c 04 32 06 9a 04 eb 05 2f 05 43 06 b7 04 7a 06

SECTION 2----------------------------------------------------------------------------------------------------------------------------------------------------------------------------------------------------------------------------------------------------------------------------------------------------------------------------------------------------------------------------------------------------------------------------------------------------------------------------------------------------------------------------------------------------------------------------------------------------------------------------------------------------------------------------------------------------------------------------------------------------------------------------------------------------------------------------------------------------------------------------------------------------------------------------------------------------------------------------------------------------------------------------------------

HEADER
a9 01 05 00

METADATA                                    # COORDINATES   COORDINATES
01 00 00 80 3f 00 00 80 3f 64 00 00 00 00   04 00           b9 04 09 00 d9 04 1a 00 49 04 6e 00 28 04 59 00 
06 00 00 80 3f 00 00 80 3f 64 00 00 00 00   04 00           c3 04 a7 00 ea 04 bf 00 d9 04 ca 00 b7 04 b4 00 
03 00 00 80 3f 00 00 80 3f 64 00 00 00 00   11 00           c3 03 22 00 49 04 6f 00 66 04 60 00 6d 04 69 00 42 04 7e 00 f0 03 65 00 eb 03 84 00 ff 03 9a 00 5d 04 a7 00 89 04 9c 00 88 04 b3 00 58 04 be 00 64 04 ed 00 02 04 f7 00 c1 03 e9 00 a2 03 ca 00 a0 03 2a 00 
03 00 00 80 3f 00 00 80 3f 64 00 00 00 00   0b 00           b9 04 00 00 2c 05 00 00 40 05 55 00 1b 05 57 00 fd 04 48 00 cc 04 51 00 cc 04 48 00 df 04 3f 00 c8 04 3a 00 d9 04 1a 00 bb 04 07 00 
03 00 00 80 3f 00 00 80 3f 64 00 00 00 00   09 00           20 05 7e 00 3e 05 7e 00 3e 05 97 00 2e 05 ae 00 1c 05 ab 00 1b 05 9d 00 29 05 98 00 2b 05 8e 00 20 05 87 00

SECTION 3----------------------------------------------------------------------------------------------------------------------------------------------------------------------------------------------------------------------------------------------------------------------------------------------------------------------------------------------------------------------------------------------------------------------------------------------------------------------------------------------------------------------------------------------------------------------------------------------------------------------------------------------------------------------------------------------------------------------------------------------------------------------------------------------------------------------------------------------------------------------------------------------------------------------------------------------------------------------------------------------------------------------------------------

HEADER
a2 01 0a 00 

METADATA                                    # COORDINATES   COORDINATES
01 00 00 80 3f 00 00 80 3f 64 00 00 00 00   04 00           9f 08 cd 02 12 09 8a 02 44 09 a5 02 ce 08 ea 02 
01 00 00 80 3f 00 00 80 3f 64 00 00 00 00   04 00           39 05 5a 00 ac 05 48 00 bd 05 66 00 47 05 79 00
06 00 00 80 3f 00 00 80 3f 64 00 00 00 00   04 00           4b 08 1a 01 4a 08 34 01 34 08 3c 01 27 08 30 01
03 00 00 80 3f 00 00 80 3f 64 00 00 00 00   07 00           90 05 01 00 ce 05 28 00 33 06 00 00 8c 06 00 00 3a 06 22 00 ac 05 42 00 6f 05 00 00 
03 00 00 80 3f 00 00 80 3f 64 00 00 00 00   28 00           cf 05 68 00 7e 06 2e 00 c8 06 00 00 a4 08 01 00 82 08 44 00 84 08 6e 00 ca 08 8e 00 f0 08 ae 00 ef 08 d1 00 cd 08 ef 00 a2 08 f6 00 76 08 16 01 58 08 11 01 3a 08 20 01 06 07 b1 00 e0 06 bd 00 bf 06 04 01 c5 06 34 01 e8 06 50 01 2b 07 6c 01 5a 07 8b 01 7f 07 92 01 9e 07 ab 01 e2 07 ca 01 09 08 03 02 19 08 f9 01 24 08 00 02 3d 08 f9 01 60 08 20 02 5b 08 33 02 73 08 37 02 81 08 5b 02 a5 08 4c 02 bb 08 50 02 0f 09 62 02 23 09 77 02 08 09 87 02 85 08 8b 02 d9 07 22 02 19 07 b1 01 
03 00 00 80 3f 00 00 80 3f 64 00 00 00 00   0d 00           bd 08 00 00 a7 08 4f 00 aa 08 69 00 cc 08 7c 00 ec 08 93 00 fd 08 a8 00 05 09 c4 00 29 09 c4 00 43 09 d6 00 43 09 e2 00 11 09 fc 00 fd 09 76 01 fd 09 00 00 
03 00 00 80 3f 00 00 80 3f 64 00 00 00 00   05 00           dc 06 09 01 ff 06 14 01 ab 07 8c 01 12 07 4e 01 e2 06 32 01 
03 00 00 80 3f 00 00 80 3f 64 00 00 00 00   08 00           11 09 02 01 fe 09 78 01 fe 09 90 01 fe 09 bb 01 a0 09 e5 01 90 09 9c 01 85 09 8b 01 92 09 5c 01 
03 00 00 80 3f 00 00 80 3f 64 00 00 00 00   06 00           a6 09 5a 02 e1 09 36 02 ea 09 4d 02 fc 09 52 02 bc 09 8d 02 7b 09 86 02 
03 00 00 80 3f 00 00 80 3f 64 00 00 00 00   07 00           38 08 c1 01 74 08 ca 01 b1 08 dc 01 dc 08 f2 01 cf 08 fb 01 98 08 f7 01 79 08 ec 01

SECTION 4----------------------------------------------------------------------------------------------------------------------------------------------------------------------------------------------------------------------------------------------------------------------------------------------------------------------------------------------------------------------------------------------------------------------------------------------------------------------------------------------------------------------------------------------------------------------------------------------------------------------------------------------------------------------------------------------------------------------------------------------------------------------------------------------------------------------------------------------------------------------------------------------------------------------------------------------------------------------------------------------------------------------------------------

HEADER
ff ff 31 00

METADATA                                    # COORDINATES   COORDINATES
08 00 00                                    05 00           b3 00 00 00 e8 00 00 00 4a 01 2d 00 b1 00 38 00 92 00 0a 00 
08 00 00                                    27 00           c7 01 2c 00 f8 01 48 00 58 02 43 00 28 03 8e 00 f4 04 d6 01 cd 04 d5 01 96 04 e5 01 58 04 e6 01 4e 04 f9 01 2a 04 fc 01 14 04 ef 01 00 04 f1 01 c2 03 cc 01 83 03 ca 01 63 03 b9 01 60 03 aa 01 7f 03 a6 01 45 03 84 01 83 03 6a 01 46 03 67 01 1d 03 60 01 13 03 4b 01 f1 02 41 01 d4 02 2e 01 d4 02 05 01 de 02 f5 00 80 02 fd 00 06 02 f0 00 00 02 d9 00 2d 02 ca 00 1f 02 af 00 cc 01 ab 00 cb 01 9b 00 fa 01 96 00 bf 01 88 00 76 01 7c 00 47 01 68 00 5d 01 57 00 be 01 4b 00 
08 00 00                                    03 00           f7 04 d6 01 0e 05 cd 01 30 05 de 01 
08 00 00                                    06 00           c0 03 24 00 0d 04 4c 00 0a 04 5b 00 f3 03 6a 00 a9 03 4d 00 9b 03 2f 00 
08 00 00                                    08 00           d9 04 01 00 32 05 01 00 2d 05 0a 00 1e 05 19 00 05 05 14 00 f8 04 09 00 e8 04 0c 00 d6 04 08 00 
08 00 00                                    03 00           22 05 12 01 3b 05 40 01 1b 05 3b 01 
08 00 00                                    08 00           19 05 57 01 33 05 55 01 41 05 49 01 59 05 53 01 44 05 65 01 2c 05 5e 01 12 05 63 01 02 05 5e 01 
08 00 00                                    0a 00           74 05 f1 01 56 05 e5 01 46 05 f2 01 2f 05 e8 01 e0 04 f1 01 e8 04 04 02 d1 04 08 02 d6 04 19 02 80 05 39 02 96 05 1c 02 
08 00 00                                    12 00           05 06 21 02 3c 06 05 02 da 06 02 02 4d 07 3d 02 83 06 ac 02 59 06 f5 02 00 07 66 03 ef 06 84 03 53 06 36 03 3e 06 fe 02 29 06 f6 02 53 06 a8 02 4e 06 9d 02 90 06 6d 02 7b 06 5f 02 c1 06 32 02 96 06 16 02 37 06 28 02 
08 00 00                                    09 00           89 07 65 02 12 08 ae 02 28 08 e0 02 fb 07 f3 02 d9 07 f9 02 93 07 df 02 71 07 de 02 52 07 cf 02 43 07 8f 02 
08 00 00                                    04 00           8b 08 35 03 6f 08 72 03 5c 08 64 03 6e 08 43 03 
08 00 00                                    07 00           8c 06 d6 00 24 07 c0 00 7c 07 cc 00 98 07 80 01 fe 06 7d 01 84 06 12 01 81 06 f4 00 
08 00 00                                    0a 00           00 09 4d 01 0e 09 40 01 21 09 42 01 13 09 32 01 2a 09 0d 01 a6 09 49 01 88 09 6b 01 70 09 6b 01 6c 09 7b 01 26 09 69 01 
08 00 00                                    0b 00           c0 07 e8 03 62 07 1a 04 48 07 07 04 b6 06 5a 04 d7 06 70 04 59 06 b7 04 64 06 be 04 54 06 ce 04 a0 06 f6 04 f2 06 f7 04 fc 07 f3 03 
08 00 00                                    04 00           20 07 e6 04 4e 07 cd 04 7f 07 d0 04 a1 07 e6 04 
08 00 00                                    07 00           0e 08 4a 04 37 08 70 04 52 08 71 04 54 08 7f 04 31 08 83 04 f6 07 9c 04 bf 07 78 04 
08 00 00                                    07 00           e6 09 bd 04 c4 09 b3 04 bd 09 b7 04 a1 09 b6 04 7d 09 de 04 9f 09 11 05 fa 09 05 05 
08 00 00                                    0e 00           8b 08 1b 05 b2 08 0a 05 c6 08 17 05 d9 08 10 05 d2 08 07 05 e7 08 08 05 f0 08 13 05 28 09 01 05 3f 09 1c 05 21 09 31 05 2e 09 44 05 88 09 60 05 de 08 8d 05 a2 08 76 05 
08 00 00                                    09 00           29 08 c7 05 43 08 bf 05 4e 08 c7 05 d8 08 c1 05 c3 08 fc 05 4a 08 10 06 2e 08 02 06 e9 07 07 06 39 08 da 05 
08 00 00                                    0a 00           3c 08 80 06 5d 08 54 06 4d 09 ce 05 81 09 ed 05 f8 09 22 06 88 09 a3 06 92 09 be 06 5b 09 bf 06 67 09 b2 06 11 09 b2 06 
08 00 00                                    05 00           56 06 a5 06 ad 06 78 06 21 07 ac 06 f7 06 bf 06 52 06 bf 06 
08 00 00                                    0a 00           9b 05 30 05 b2 05 22 05 a8 05 19 05 ce 05 0a 05 db 05 0d 05 ef 05 03 05 2e 06 1d 05 35 05 ab 05 13 05 9e 05 bb 05 3b 05 
08 00 00                                    06 00           5a 04 61 05 77 04 59 05 89 04 61 05 1c 05 44 05 4f 05 7a 05 1a 05 a1 05 
08 00 00                                    04 00           19 07 63 04 5c 07 85 04 39 07 99 04 f9 06 74 04 
08 00 00                                    06 00           87 04 62 05 bc 04 42 05 d8 04 42 05 41 05 81 05 11 05 9e 05 b6 04 a0 05 
08 00 00                                    05 00           fe 03 b4 05 5d 04 e9 05 1d 04 fa 05 05 04 f7 05 ca 03 ce 05 
08 00 00                                    0a 00           3d 03 16 06 76 04 72 05 c5 04 7b 05 3d 04 51 06 b2 04 7b 06 66 04 a0 06 f2 03 a4 06 a4 03 93 06 8b 03 74 06 a0 03 4d 06 
08 00 00                                    07 00           40 01 b9 06 6e 01 a7 06 f5 01 a2 06 bc 02 58 06 21 03 74 06 60 02 bf 06 62 01 bf 06 
08 00 00                                    0f 00           d6 00 2f 05 22 01 05 05 4a 01 fb 04 53 01 ea 04 76 02 44 04 b5 02 5e 04 57 01 2f 05 2c 02 92 05 cb 02 f2 05 55 02 f6 05 1a 02 d3 05 3a 02 b4 05 03 02 92 05 c2 01 9f 05 fa 00 37 05 
08 00 00                                    13 00           86 02 c2 04 e1 02 c0 04 1a 03 e0 04 26 03 cd 04 7d 03 dc 04 90 03 54 05 69 03 6a 05 1d 03 9f 05 ef 02 6f 05 3b 03 5b 05 ff 02 3b 05 ff 02 2a 05 e9 02 24 05 9f 02 2e 05 98 02 19 05 ac 02 0e 05 8e 02 eb 04 a1 02 de 04 a0 02 cd 04
08 02 00                                    07 00           41 02 99 04 1e 02 95 04 0f 02 8b 04 03 02 6f 04 2c 02 59 04 37 02 62 04 af 02 5d 04 
08 00 00                                    08 00           e4 00 12 06 b9 00 09 06 b7 00 fb 05 a7 00 f1 05 b2 00 e5 05 22 01 ae 05 96 01 d4 05 fc 00 1b 06 
08 00 00                                    07 00           85 00 d2 05 8d 00 e9 05 4b 00 e7 05 0a 00 b2 05 28 00 67 05 71 00 4e 05 9c 00 6b 05 
08 00 00                                    05 00           a8 00 9c 04 e4 00 c1 04 ce 00 cd 04 b8 00 ca 04 8d 00 ad 04 
08 00 00                                    0a 00           2f 01 72 04 5d 01 89 04 5b 01 b9 04 3d 01 cf 04 8e 00 1d 05 53 00 18 05 00 00 c9 04 03 00 9f 04 88 00 7f 04 ec 00 a1 04 
08 00 00                                    0d 00           b0 00 e7 03 ac 00 cd 03 c9 00 bd 03 ec 00 b8 03 04 01 c1 03 b9 01 c2 03 7f 01 37 04 0c 01 3a 04 c9 00 14 04 bb 00 01 04 e6 00 fc 03 e2 00 ed 03 d0 00 e1 03 
08 00 00                                    1a 00           e2 04 9f 04 a7 04 bd 04 0e 04 bb 04 6a 03 5a 04 54 03 60 04 3d 03 5e 04 48 03 53 04 53 03 4d 04 2b 03 38 04 3d 03 2e 04 01 03 09 04 a2 02 0b 04 29 02 c2 03 87 02 c4 03 68 02 ac 03 dd 02 6e 03 67 03 73 03 f9 02 45 03 43 03 1b 03 30 03 05 03 48 03 f7 02 8e 03 f9 02 d2 03 d4 02 58 04 d8 02 ad 04 4c 03 ff 04 8b 03 
08 00 00                                    06 00           16 01 0c 03 4d 01 d6 02 24 02 2e 03 4a 02 6c 03 d0 01 60 03 6e 01 2c 03 
08 00 00                                    04 00           92 01 ed 01 12 02 ae 01 3f 02 c3 01 d0 01 0a 02 
08 00 00                                    04 00           fc 01 66 01 23 02 77 01 16 02 80 01 d9 01 82 01 
08 00 00                                    08 00           ae 03 8b 02 ce 03 8c 02 7a 04 63 02 dc 04 70 02 97 05 e7 02 c7 04 e9 02 e4 03 b3 02 ab 03 ae 02 
08 00 00                                    04 00           34 00 5d 03 74 00 37 03 99 00 50 03 5f 00 76 03 
08 00 00                                    05 00           a0 00 f9 02 a0 00 10 03 68 00 1c 03 5a 00 0e 03 91 00 f1 02 
08 00 00                                    04 00           0d 04 02 04 9c 04 4e 04 5e 04 52 04 f0 03 11 04 
08 00 00                                    04 00           5f 03 a1 03 75 03 91 03 c5 03 c0 03 b1 03 ce 03 
08 00 00                                    04 00           b2 03 28 03 58 04 c8 02 69 04 d6 02 c7 03 2e 03 
08 00 00                                    04 00           f4 05 aa 03 62 06 e6 03 38 06 e9 03 e3 05 af 03 
08 00 00                                    04 00           b8 06 61 02 d9 06 4e 02 19 07 75 02 df 06 77 02 
08 00 00                                    04 00           ad 02 89 04 9f 02 82 04 cb 02 64 04 e9 02 67 04
