SECTION 1----------------------------------------------------------------------------------------------------------------------------------------------------------------------------------------------------------------------------------------------------------------------------------------------------------------------------------------------------------------------------------------------------------------------------------------------------------------------------------------------------------------------------------------------------------------------------------------------------------------------------------------------------------------------------------------------------------------------------------------------------------------------------------------------------------------------------------------------------------------------------------------------------------------------------------------------------------------------------------------------------------------------------------------

HEADER
ff ff 40 00

METADATA                                    # COORDINATES   COORDINATES
06 00 00 80 3f 00 00 80 3f 64 00 00 00 00   04 00           0c 01 cf 01 29 01 d0 01 23 01 de 01 16 01 dd 01 
06 00 00 80 3f 00 00 80 3f 64 00 00 00 00   04 00           29 01 e6 01 44 01 e1 01 3e 01 ef 01 30 01 f3 01 
06 00 00 80 3f 00 00 80 3f 64 00 00 00 00   04 00           47 01 54 02 62 01 54 02 5e 01 5f 02 4e 01 5e 02 
06 00 00 80 3f 00 00 80 3f 64 00 00 00 00   04 00           70 01 3b 02 90 01 3b 02 8c 01 45 02 76 01 45 02 
06 00 00 80 3f 00 00 80 3f 64 00 00 00 00   07 00           85 01 17 02 b2 01 17 02 aa 01 23 02 ad 01 31 02 9e 01 33 02 99 01 26 02 8a 01 25 02 
06 00 00 80 3f 00 00 80 3f 64 00 00 00 00   04 00           9e 01 f6 01 b8 01 f9 01 b3 01 04 02 a2 01 02 02 
06 00 00 80 3f 00 00 80 3f 64 00 00 00 00   0b 00           cb 01 f8 01 f1 01 f6 01 f1 01 0e 02 04 02 0e 02 fe 01 1e 02 ef 01 2d 02 dc 01 20 02 cd 01 2f 02 bb 01 2d 02 bb 01 1f 02 d1 01 1b 02 
06 00 00 80 3f 00 00 80 3f 64 00 00 00 00   04 00           44 03 27 03 58 03 27 03 55 03 35 03 45 03 34 03 
06 00 00 80 3f 00 00 80 3f 64 00 00 00 00   04 00           b3 00 1f 04 cd 00 20 04 c6 00 2c 04 b4 00 2c 04 
06 00 00 80 3f 00 00 80 3f 64 00 00 00 00   04 00           07 00 7c 04 27 00 7e 04 23 00 8a 04 07 00 87 04 
06 00 00 80 3f 00 00 80 3f 64 00 00 00 00   04 00           1a 00 62 04 30 00 63 04 2d 00 71 04 1e 00 71 04 
06 00 00 80 3f 00 00 80 3f 64 00 00 00 00   07 00           00 00 56 04 10 00 4e 04 1f 00 4e 04 1e 00 57 04 11 00 55 04 11 00 64 04 01 00 65 04 
06 00 00 80 3f 00 00 80 3f 64 00 00 00 00   04 00           1a 01 51 05 32 01 54 05 2f 01 5f 05 1a 01 5d 05 
06 00 00 80 3f 00 00 80 3f 64 00 00 00 00   04 00           11 01 6b 05 25 01 6b 05 22 01 75 05 13 01 75 05 
06 00 00 80 3f 00 00 80 3f 64 00 00 00 00   04 00           2c 01 6b 05 47 01 6d 05 42 01 7c 05 34 01 7c 05 
06 00 00 80 3f 00 00 80 3f 64 00 00 00 00   09 00           56 01 91 05 85 01 8d 05 af 01 9d 05 ac 01 a7 05 76 01 9e 05 75 01 af 05 64 01 af 05 62 01 9e 05 56 01 9d 05 
06 00 00 80 3f 00 00 80 3f 64 00 00 00 00   03 00           ba 01 c2 05 d7 01 c1 05 cd 01 d0 05 
06 00 00 80 3f 00 00 80 3f 64 00 00 00 00   04 00           9b 01 d2 05 b2 01 d4 05 ae 01 e1 05 9c 01 e0 05 
06 00 00 80 3f 00 00 80 3f 64 00 00 00 00   04 00           a8 01 fa 05 d9 01 f1 05 da 01 03 06 ae 01 0f 06 
06 00 00 80 3f 00 00 80 3f 64 00 00 00 00   04 00           af 01 44 06 cd 01 44 06 c4 01 53 06 b1 01 53 06 
06 00 00 80 3f 00 00 80 3f 64 00 00 00 00   04 00           be 01 5c 06 d5 01 5a 06 d5 01 66 06 c0 01 6a 06 
06 00 00 80 3f 00 00 80 3f 64 00 00 00 00   04 00           a5 01 5d 06 b5 01 5f 06 b5 01 6a 06 a8 01 69 06 
06 00 00 80 3f 00 00 80 3f 64 00 00 00 00   05 00           cc 04 ab 06 dd 04 9e 06 f6 04 aa 06 ee 04 b7 06 d3 04 b5 06 
06 00 00 80 3f 00 00 80 3f 64 00 00 00 00   04 00           b0 05 30 06 db 05 2b 06 d9 05 3f 06 bb 05 41 06 
06 00 00 80 3f 00 00 80 3f 64 00 00 00 00   03 00           61 04 c6 04 75 04 cc 04 68 04 d2 04 
06 00 00 80 3f 00 00 80 3f 64 00 00 00 00   04 00           f7 04 d8 04 0c 05 d8 04 08 05 e1 04 fb 04 e2 04 
06 00 00 80 3f 00 00 80 3f 64 00 00 00 00   04 00           f8 04 ff 04 10 05 ff 04 0b 05 0a 05 fc 04 0a 05 
06 00 00 80 3f 00 00 80 3f 64 00 00 00 00   04 00           23 04 f1 02 36 04 f2 02 36 04 fc 02 26 04 fd 02 
06 00 00 80 3f 00 00 80 3f 64 00 00 00 00   04 00           d9 01 02 04 f3 01 04 04 f0 01 0f 04 db 01 0f 04 
06 00 00 80 3f 00 00 80 3f 64 00 00 00 00   04 00           5e 02 ec 03 75 02 eb 03 71 02 f5 03 63 02 f6 03 
06 00 00 80 3f 00 00 80 3f 64 00 00 00 00   03 00           86 02 ff 03 9b 02 fd 03 91 02 09 04
05 00 00 80 3f 00 00 80 3f 64 00 00 00 00   06 00           23 03 06 05 26 03 f5 04 42 03 f2 04 57 03 fb 04 58 03 11 05 39 03 1c 05 
05 00 00 80 3f 00 00 80 3f 64 00 00 00 00   14 00           de 01 7d 05 e6 01 4f 05 dd 01 2a 05 e7 01 24 05 dd 01 1b 05 ea 01 08 05 0c 02 0b 05 16 02 1b 05 79 02 18 05 91 02 14 05 b1 02 1d 05 d8 02 3a 05 db 02 5e 05 f8 02 87 05 f5 02 8f 05 fc 02 b4 05 ee 02 d2 05 da 02 f3 05 99 02 03 06 e4 01 9b 05 
05 00 00 80 3f 00 00 80 3f 64 00 00 00 00   0a 00           53 00 8e 04 73 00 85 04 79 00 75 04 8e 00 73 04 9f 00 85 04 c3 00 8e 04 d0 00 a4 04 cd 00 c6 04 8b 00 d5 04 5a 00 b2 04 
05 00 00 80 3f 00 00 80 3f 64 00 00 00 00   06 00           2f 04 2d 06 22 04 20 06 34 04 06 06 5e 04 06 06 8c 04 0d 06 92 04 26 06 
05 00 00 80 3f 00 00 80 3f 64 00 00 00 00   09 00           28 04 c6 04 40 04 bb 04 5e 04 c6 04 67 04 d3 04 78 04 ce 04 86 04 e4 04 75 04 ef 04 52 04 ea 04 31 04 d8 04 
05 00 00 80 3f 00 00 80 3f 64 00 00 00 00   06 00           43 04 21 04 22 04 1d 04 1a 04 14 04 2b 04 0e 04 43 04 12 04 4f 04 1a 04 
05 00 00 80 3f 00 00 80 3f 64 00 00 00 00   0a 00           1e 05 9e 03 2a 05 95 03 47 05 89 03 63 05 82 03 6e 05 8d 03 76 05 9a 03 8c 05 99 03 96 05 a3 03 8f 05 b7 03 58 05 c9 03 
05 00 00 80 3f 00 00 80 3f 64 00 00 00 00   06 00           20 04 cc 02 1a 04 be 02 4a 04 ad 02 9b 04 df 02 97 04 f2 02 5f 04 e7 02 
05 00 00 80 3f 00 00 80 3f 64 00 00 00 00   06 00           2b 04 13 03 3c 04 06 03 55 04 03 03 67 04 0f 03 56 04 1a 03 3b 04 19 03 
05 00 00 80 3f 00 00 80 3f 64 00 00 00 00   06 00           81 03 6c 03 95 03 61 03 c6 03 66 03 e4 03 74 03 de 03 89 03 ad 03 84 03 
05 00 00 80 3f 00 00 80 3f 64 00 00 00 00   06 00           4b 02 da 02 64 02 d5 02 a9 02 e9 02 c9 02 0e 03 c4 02 1e 03 b0 02 1f 03 
05 00 00 80 3f 00 00 80 3f 64 00 00 00 00   08 00           63 00 fe 02 84 00 f7 02 a1 00 01 03 b1 00 fe 02 bd 00 13 03 af 00 2a 03 8c 00 2a 03 7f 00 26 03 
05 00 00 80 3f 00 00 80 3f 64 00 00 00 00   04 00           56 01 21 02 71 01 12 02 84 01 24 02 5f 01 2d 02 
05 00 00 80 3f 00 00 80 3f 64 00 00 00 00   0c 00           00 00 16 05 34 00 2f 05 60 00 66 05 88 00 67 05 17 01 3f 06 3c 01 58 06 00 01 7a 06 7a 00 b7 05 85 00 9c 05 6e 00 73 05 3c 00 64 05 33 00 3d 05 
05 00 00 80 3f 00 00 80 3f 64 00 00 00 00   09 00           35 04 3f 07 eb 04 07 07 21 05 fe 06 dc 05 07 07 23 06 3e 07 f7 05 3e 07 d7 05 1a 07 24 05 15 07 72 04 3d 07
03 00 00 80 3f 00 00 80 3f 64 00 00 00 00   0a 00           10 06 8e 06 d3 06 2d 06 dd 06 48 06 ce 06 4f 06 ab 06 95 06 95 06 9a 06 86 06 ab 06 75 06 ab 06 58 06 b8 06 45 06 b5 06
03 00 00 80 3f 00 00 80 3f 64 00 00 00 00   03 00           c7 05 df 06 09 06 d2 06 14 06 ed 06
03 00 00 80 3f 00 00 80 3f 64 00 00 00 00   04 00           41 05 87 06 4e 05 86 06 5b 05 a0 06 33 05 a7 06
03 00 00 80 3f 00 00 80 3f 64 00 00 00 00   08 00           55 03 84 06 c6 03 a1 06 dd 03 94 06 f6 03 c6 06 ca 03 da 06 8b 03 e6 06 4b 03 e1 06 43 03 a4 06
03 00 00 80 3f 00 00 80 3f 64 00 00 00 00   0b 00           45 03 ff 06 7e 03 fa 06 99 03 0e 07 c5 03 0c 07 f6 03 fa 06 25 04 e1 06 25 04 14 07 08 04 27 07 fa 03 3f 07 93 03 3f 07 98 03 11 07
03 00 00 80 3f 00 00 80 3f 64 00 00 00 00   09 00           c8 02 a0 06 e8 02 7f 06 1e 03 8b 06 21 03 a5 06 0f 03 b1 06 f9 02 a4 06 ff 02 91 06 e9 02 91 06 db 02 ad 06
03 00 00 80 3f 00 00 80 3f 64 00 00 00 00   1b 00           b8 02 2e 06 b0 02 3d 06 83 02 32 06 79 02 42 06 32 02 3c 06 09 02 90 06 ec 01 96 06 d8 01 8b 06 eb 01 6e 06 d0 01 43 06 ab 01 42 06 8f 01 33 06 5f 01 31 06 45 01 37 06 32 01 23 06 46 01 08 06 51 01 f6 05 44 01 ef 05 32 01 ed 05 30 01 df 05 3c 01 cd 05 96 01 df 05 b0 01 1a 06 e7 01 09 06 d1 01 db 05 e4 01 b1 05 4b 02 ee 05
03 00 00 80 3f 00 00 80 3f 64 00 00 00 00   06 00           cd 00 4f 05 d9 00 2e 05 ef 00 26 05 26 01 44 05 0d 01 64 05 eb 00 61 05
03 00 00 80 3f 00 00 80 3f 64 00 00 00 00   0d 00           00 00 87 04 2f 00 8c 04 3e 00 b6 04 30 00 ca 04 59 00 c7 04 6c 00 e7 04 86 00 e3 04 91 00 ee 04 8b 00 00 05 5e 00 0b 05 51 00 05 05 44 00 11 05 00 00 00 05
03 00 00 80 3f 00 00 80 3f 64 00 00 00 00   04 00           04 01 1d 05 59 01 4b 05 55 01 23 05 2d 01 15 05
03 00 00 80 3f 00 00 80 3f 64 00 00 00 00   0f 00           c6 00 84 04 c5 00 6e 04 d2 00 5a 04 ea 00 60 04 f3 00 52 04 ef 00 43 04 0e 01 2e 04 25 01 35 04 40 01 3b 04 57 01 55 04 47 01 5d 04 1b 01 6a 04 08 01 80 04 fa 00 83 04 e9 00 79 04
03 00 00 80 3f 00 00 80 3f 64 00 00 00 00   04 00           59 01 94 04 55 01 80 04 86 01 72 04 98 01 9e 04
03 00 00 80 3f 00 00 80 3f 64 00 00 00 00   07 00           31 00 41 03 3a 00 34 03 56 00 3a 03 67 00 44 03 74 00 32 03 81 00 3f 03 71 00 56 03
03 00 00 80 3f 00 00 80 3f 64 00 00 00 00   04 00           1d 01 dc 02 23 01 d1 02 53 01 c2 02 4e 01 d8 02
03 00 00 80 3f 00 00 80 3f 64 00 00 00 00   04 00           9a 04 f3 03 9b 04 e0 03 ba 04 cf 03 da 04 f9 03
03 00 00 80 3f 00 00 80 3f 64 00 00 00 00   04 00           05 05 dc 03 17 05 d2 03 42 05 d7 03 32 05 ee 03
03 00 00 80 3f 00 00 80 3f 64 00 00 00 00   04 00           32 07 38 06 4e 07 32 06 63 07 47 06 56 07 5e 06
03 00 00 80 3f 00 00 80 3f 64 00 00 00 00   04 00           6d 06 f1 06 80 06 d0 06 bd 06 b2 06 da 06 bf 06

SECTION 2----------------------------------------------------------------------------------------------------------------------------------------------------------------------------------------------------------------------------------------------------------------------------------------------------------------------------------------------------------------------------------------------------------------------------------------------------------------------------------------------------------------------------------------------------------------------------------------------------------------------------------------------------------------------------------------------------------------------------------------------------------------------------------------------------------------------------------------------------------------------------------------------------------------------------------------------------------------------------------------------------------------------------------------

HEADER
a0 00 01 00

METADATA                                    # COORDINATES   COORDINATES
05 00 00 80 3f 00 00 80 3f 64 00 00 00 00   05 00           9f 07 23 04 c1 07 1f 04 ce 07 2b 04 bf 07 38 04 9a 07 35 04

SECTION 3----------------------------------------------------------------------------------------------------------------------------------------------------------------------------------------------------------------------------------------------------------------------------------------------------------------------------------------------------------------------------------------------------------------------------------------------------------------------------------------------------------------------------------------------------------------------------------------------------------------------------------------------------------------------------------------------------------------------------------------------------------------------------------------------------------------------------------------------------------------------------------------------------------------------------------------------------------------------------------------------------------------------------------------

HEADER
60 00 01 00

METADATA                                    # COORDINATES   COORDINATES
01 00 00 80 3f 00 00 80 3f 64 00 00 00 00   04 00           9d 03 f5 03 fc 03 29 04 e9 03 34 04 8d 03 ff 03

SECTION 4----------------------------------------------------------------------------------------------------------------------------------------------------------------------------------------------------------------------------------------------------------------------------------------------------------------------------------------------------------------------------------------------------------------------------------------------------------------------------------------------------------------------------------------------------------------------------------------------------------------------------------------------------------------------------------------------------------------------------------------------------------------------------------------------------------------------------------------------------------------------------------------------------------------------------------------------------------------------------------------------------------------------------------------

HEADER
ff ff 10 00

METADATA                                    # COORDINATES   COORDINATES
08 00 00                                    05 00           2a 00 aa 01 86 00 97 01 9b 00 ab 01 5c 00 d9 01 28 00 cb 01 
08 00 00                                    04 00           2e 01 11 02 4d 01 09 02 57 01 35 02 4e 01 3e 02 
08 00 00                                    05 00           59 00 e7 02 68 00 f0 02 72 00 01 03 7a 00 24 03 2d 00 f7 02 
08 00 00                                    05 00           5a 00 55 03 58 00 5f 03 48 00 6f 03 4f 00 b0 03 0e 00 8c 03 
08 00 00                                    07 00           9a 00 cb 03 c4 00 d7 03 d9 00 fb 03 07 01 18 04 09 01 28 04 ca 00 09 04 80 00 da 03 
08 00 00                                    0d 00           b5 00 10 04 95 00 3c 04 80 00 40 04 67 00 59 04 68 00 98 04 20 01 2b 05 6f 00 cb 04 50 00 af 04 40 00 99 04 3c 00 78 04 53 00 56 04 63 00 43 04 7a 00 3c 04 
08 00 00                                    04 00           bf 04 1e 06 ff 04 12 06 1e 05 67 06 c9 04 4d 06 
08 00 00                                    0c 00           32 02 19 03 9f 02 0e 03 c4 02 20 03 eb 02 43 03 e6 02 88 03 dd 02 9a 03 0a 03 8f 03 29 03 a5 03 28 03 b7 03 e1 02 f7 03 9c 02 ce 03 a9 02 6c 03 
08 00 00                                    05 00           73 03 1e 03 9b 03 18 03 9b 03 26 03 7a 03 5d 03 6a 03 5c 03 
08 00 00                                    08 00           94 03 b9 02 bf 03 a0 02 df 03 bc 02 f0 03 04 03 95 04 68 03 b0 04 81 03 9f 04 8a 03 d0 03 09 03 
08 00 00                                    06 00           1e 04 87 04 43 04 89 04 f8 03 ec 04 09 04 08 05 eb 03 16 05 dd 03 f1 04 
08 00 00                                    09 00           e5 04 4c 04 07 05 28 04 22 05 27 04 2e 05 36 04 30 05 4a 04 16 05 69 04 73 05 c8 04 50 05 e7 04 f6 04 87 04 
08 00 00                                    05 00           e1 06 9b 03 59 07 e8 03 57 07 f2 03 36 07 01 04 b7 06 af 03 
08 00 00                                    09 00           a4 04 fc 02 07 05 d2 02 7a 05 2d 03 22 05 5b 03 07 05 48 03 07 05 31 03 f4 04 32 03 f5 04 25 03 cf 04 19 03 
08 00 00                                    05 00           10 05 35 05 43 05 6d 05 42 05 78 05 33 05 87 05 01 05 44 05 
08 00 00                                    10 00           b5 01 ba 06 50 03 e4 06 5e 03 eb 06 6c 03 fb 06 78 03 f9 06 87 03 fd 06 99 03 0f 07 97 03 21 07 bd 03 24 07 d0 03 29 07 54 04 e2 06 7a 04 df 06 8b 04 ef 06 55 04 30 07 5f 04 3f 07 b5 01 3f 07

SECTION 5----------------------------------------------------------------------------------------------------------------------------------------------------------------------------------------------------------------------------------------------------------------------------------------------------------------------------------------------------------------------------------------------------------------------------------------------------------------------------------------------------------------------------------------------------------------------------------------------------------------------------------------------------------------------------------------------------------------------------------------------------------------------------------------------------------------------------------------------------------------------------------------------------------------------------------------------------------------------------------------------------------------------------------------

HEADER
ff ff 05 00

METADATA                                    # COORDINATES   COORDINATES
08 01 00                                    08 00           a2 06 e6 04 e9 06 bc 04 17 07 d4 04 f6 06 ec 04 12 07 f9 04 1b 07 f6 04 33 07 0c 05 fe 06 2a 05
08 01 00                                    07 00           56 07 24 05 b7 07 ef 04 da 07 08 05 84 07 46 05 98 07 51 05 75 07 63 05 64 07 57 05
08 01 00                                    06 00           26 07 78 04 4a 07 67 04 68 07 77 04 70 07 8a 04 63 07 a0 04 3a 07 8d 04
08 01 00                                    04 00           49 07 3d 04 61 07 26 04 b5 07 53 04 b3 07 71 04
08 01 00                                    04 00           73 06 70 03 9c 06 5e 03 cb 06 78 03 9a 06 89 03

SECTION 6----------------------------------------------------------------------------------------------------------------------------------------------------------------------------------------------------------------------------------------------------------------------------------------------------------------------------------------------------------------------------------------------------------------------------------------------------------------------------------------------------------------------------------------------------------------------------------------------------------------------------------------------------------------------------------------------------------------------------------------------------------------------------------------------------------------------------------------------------------------------------------------------------------------------------------------------------------------------------------------------------------------------------------------

HEADER
ff ff 06 00

METADATA                                    # COORDINATES   COORDINATES
08 02 00                                    07 00           4c 05 14 02 90 05 01 02 a3 05 04 02 bb 05 16 02 bb 05 31 02 ab 05 3f 02 93 05 4a 02
08 02 00                                    04 00           5e 04 9b 01 bd 04 7a 01 01 05 a6 01 a8 04 c5 01
08 02 00                                    04 00           31 06 81 02 62 06 70 02 7c 06 87 02 4f 06 a0 02
08 02 00                                    06 00           11 07 c4 02 26 07 cd 02 2c 07 e5 02 0d 07 f3 02 a3 06 b3 02 c4 06 a6 02
08 02 00                                    07 00           3c 06 2b 02 52 07 14 02 88 07 30 02 60 07 8e 02 41 07 9f 02 74 06 6c 02 38 06 40 02
08 02 00                                    04 00           e3 07 37 03 1d 08 59 03 08 08 6f 03 bf 07 4b 03

SECTION 7----------------------------------------------------------------------------------------------------------------------------------------------------------------------------------------------------------------------------------------------------------------------------------------------------------------------------------------------------------------------------------------------------------------------------------------------------------------------------------------------------------------------------------------------------------------------------------------------------------------------------------------------------------------------------------------------------------------------------------------------------------------------------------------------------------------------------------------------------------------------------------------------------------------------------------------------------------------------------------------------------------------------------------------

HEADER
ff ff 02 00

METADATA                                    # COORDINATES   COORDINATES
08 00 00                                    07 00           25 05 99 01 03 05 72 01 1c 05 67 01 39 05 8f 01 4a 05 92 01 51 05 99 01 37 05 a6 01
08 03 00                                    05 00           af 05 93 01 2f 06 b0 01 50 06 c9 01 ee 05 fb 01 7a 05 ac 01

SECTION 8----------------------------------------------------------------------------------------------------------------------------------------------------------------------------------------------------------------------------------------------------------------------------------------------------------------------------------------------------------------------------------------------------------------------------------------------------------------------------------------------------------------------------------------------------------------------------------------------------------------------------------------------------------------------------------------------------------------------------------------------------------------------------------------------------------------------------------------------------------------------------------------------------------------------------------------------------------------------------------------------------------------------------------------

HEADER
ff ff 01 00

METADATA                                    # COORDINATES   COORDINATES
08 04 00                                    06 00           f2 04 4c 01 1d 05 69 01 37 05 8e 01 24 05 9a 01 01 05 74 01 d8 04 57 01
