SECTION 1----------------------------------------------------------------------------------------------------------------------------------------------------------------------------------------------------------------------------------------------------------------------------------------------------------------------------------------------------------------------------------------------------------------------------------------------------------------------------------------------------------------------------------------------------------------------------------------------------------------------------------------------------------------------------------------------------------------------------------------------------------------------------------------------------------------------------------------------------------------------------------------------------------------------------------------------------------------------------------------------------------------------------------------

HEADER
80 00 01 00

METADATA                                    # COORDINATES   COORDINATES
03 00 00 80 3f 00 00 80 3f 64 00 00 00 00   17 00           5b 06 30 02 71 06 23 02 6a 06 16 02 37 06 07 02 48 06 f7 01 2a 06 f4 01 13 06 04 02 fc 05 f8 01 05 06 e9 01 21 06 eb 01 2f 06 d2 01 74 06 e0 01 14 07 3c 02 ea 06 88 02 c4 06 69 02 a1 06 8a 02 7a 06 8a 02 66 06 81 02 51 06 84 02 51 06 7b 02 5b 06 6d 02 3f 06 74 02 2d 06 61 02


SECTION 2----------------------------------------------------------------------------------------------------------------------------------------------------------------------------------------------------------------------------------------------------------------------------------------------------------------------------------------------------------------------------------------------------------------------------------------------------------------------------------------------------------------------------------------------------------------------------------------------------------------------------------------------------------------------------------------------------------------------------------------------------------------------------------------------------------------------------------------------------------------------------------------------------------------------------------------------------------------------------------------------------------------------------------------

HEADER
7d 00 01 00

METADATA                                    # COORDINATES   COORDINATES
03 00 00 80 3f 00 00 80 3f 64 00 00 00 00   12 00           b6 06 44 00 e0 06 3d 00 0a 07 4d 00 02 07 5a 00 1a 07 7c 00 4d 07 7e 00 5f 07 89 00 8c 07 63 00 97 07 6f 00 bf 07 65 00 db 07 6a 00 d3 07 7d 00 ad 07 78 00 9a 07 77 00 91 07 8f 00 7a 07 90 00 3e 07 97 00 0f 07 8a 00

SECTION 3----------------------------------------------------------------------------------------------------------------------------------------------------------------------------------------------------------------------------------------------------------------------------------------------------------------------------------------------------------------------------------------------------------------------------------------------------------------------------------------------------------------------------------------------------------------------------------------------------------------------------------------------------------------------------------------------------------------------------------------------------------------------------------------------------------------------------------------------------------------------------------------------------------------------------------------------------------------------------------------------------------------------------------------

HEADER
ff ff 1a 00

METADATA                                    # COORDINATES   COORDINATES
01 00 00 80 3f 00 00 80 3f 64 00 00 00 00   04 00           98 00 01 00 c8 00 00 00 0f 01 1e 00 fc 00 2a 00
01 00 00 80 3f 00 00 80 3f 64 00 00 00 00   06 00           23 02 76 00 7d 02 a3 00 75 02 ab 00 23 03 fe 00 0b 03 09 01 00 02 8f 00
01 00 00 80 3f 00 00 80 3f 64 00 00 00 00   04 00           7b 03 1b 01 55 04 7a 01 3b 04 8f 01 63 03 2c 01
01 00 00 80 3f 00 00 80 3f 64 00 00 00 00   04 00           8e 06 7c 01 a8 06 8c 01 52 06 b6 01 3b 06 a4 01
01 00 00 80 3f 00 00 80 3f 64 00 00 00 00   04 00           61 02 d5 02 f3 02 15 03 de 02 25 03 4e 02 e5 02
01 00 00 80 3f 00 00 80 3f 64 00 00 00 00   04 00           b3 01 fa 00 1d 02 33 01 0e 02 3e 01 a2 01 06 01
01 00 00 80 3f 00 00 80 3f 64 00 00 00 00   04 00           37 07 04 03 b3 07 3d 03 7f 07 61 03 09 07 2a 03               
01 00 00 80 3f 00 00 80 3f 64 00 00 00 00   04 00           81 00 e8 02 a5 00 d0 02 fe 00 f9 02 df 00 10 03
06 00 00 80 3f 00 00 80 3f 64 00 00 00 00   04 00           01 01 15 02 0f 01 0c 02 35 01 22 02 1e 01 2b 02
06 00 00 80 3f 00 00 80 3f 64 00 00 00 00   05 00           3d 07 8f 02 63 07 84 02 72 07 a2 02 68 07 b4 02 52 07 b8 02
03 00 00 80 3f 00 00 80 3f 64 00 00 00 00   1a 00           61 02 02 00 f8 03 00 00 aa 04 00 00 de 04 55 00 d2 04 bb 00 af 04 e9 00 da 03 92 00 89 03 ca 00 b1 03 93 00 a1 03 68 00 5b 03 4c 00 5e 03 31 00 74 03 23 00 92 03 1d 00 9d 03 1c 00 b0 03 04 00 a1 03 02 00 9a 03 0b 00 7f 03 13 00 4d 03 26 00 45 03 50 00 85 03 6b 00 9c 03 8b 00 77 03 c0 00 3e 03 f4 00 e0 02 35 00
03 00 00 80 3f 00 00 80 3f 64 00 00 00 00   05 00           6d 04 27 01 93 04 09 01 d7 04 2a 01 a1 04 73 01 74 04 59 01
03 00 00 80 3f 00 00 80 3f 64 00 00 00 00   0d 00           dd 05 41 01 d3 05 51 01 e4 05 7e 01 f8 05 81 01 f7 05 8e 01 0d 06 a0 01 2f 06 a1 01 34 06 a7 01 2e 06 c0 01 de 05 d8 01 a1 05 dc 01 7f 05 d2 01 c3 05 43 01
03 00 00 80 3f 00 00 80 3f 64 00 00 00 00   14 00           18 06 fc 00 49 06 0f 01 62 06 19 01 7f 06 2c 01 a0 06 03 01 e0 06 3e 01 d1 06 51 01 93 06 3b 01 8d 06 74 01 79 06 78 01 7b 06 46 01 ed 05 ef 00 8e 05 d4 00 45 05 bf 00 24 05 76 00 1d 05 43 00 33 05 3f 00 30 05 7e 00 55 05 b9 00 97 05 c6 00
03 00 00 80 3f 00 00 80 3f 64 00 00 00 00   0d 00           6c 06 02 01 68 06 0f 01 33 06 fa 00 19 06 f4 00 02 06 e3 00 e6 05 da 00 c1 05 c1 00 95 05 bf 00 72 05 b5 00 60 05 a5 00 5b 05 92 00 49 05 84 00 5d 05 8a 00
03 00 00 80 3f 00 00 80 3f 64 00 00 00 00   05 00           58 05 02 00 9c 05 01 00 95 05 24 00 73 05 3c 00 58 05 3e 00
03 00 00 80 3f 00 00 80 3f 64 00 00 00 00   1a 00           f7 06 52 01 14 07 4a 01 43 07 7b 01 7b 07 c8 01 cc 07 a6 01 eb 07 76 01 3d 08 42 01 3d 08 97 01 06 08 c0 01 e6 07 c4 01 ae 07 e4 01 e5 07 01 02 23 08 e7 01 3e 08 28 02 8e 07 9e 02 96 07 69 02 81 07 3c 02 b1 07 29 02 b4 07 17 02 96 07 f7 01 67 07 19 02 2c 07 d8 01 fb 06 b3 01 ef 06 a2 01 be 06 7d 01 cb 06 59 01
03 00 00 80 3f 00 00 80 3f 64 00 00 00 00   05 00           8d 07 25 01 c3 07 09 01 e9 07 02 01 e6 07 1e 01 d0 07 26 01
03 00 00 80 3f 00 00 80 3f 64 00 00 00 00   07 00           6d 07 bc 02 87 07 d3 02 9b 07 df 02 a1 07 26 03 97 07 26 03 8a 07 f3 02 68 07 c5 02
03 00 00 80 3f 00 00 80 3f 64 00 00 00 00   05 00           74 07 6d 03 b2 07 80 03 14 08 16 04 11 08 3d 04 b0 07 3d 04
03 00 00 80 3f 00 00 80 3f 64 00 00 00 00   0f 00           b8 06 2b 03 cf 06 25 03 f5 06 2f 03 fc 06 ae 03 10 07 e1 03 2e 07 3c 04 67 06 3b 04 6e 06 de 03 94 06 c8 03 95 06 b3 03 7e 06 bd 03 5e 06 af 03 58 06 96 03 6e 06 85 03 a8 06 60 03
03 00 00 80 3f 00 00 80 3f 64 00 00 00 00   07 00           a0 06 20 03 a7 06 28 03 96 06 50 03 68 06 71 03 44 06 82 03 19 06 8d 03 31 06 6c 03
03 00 00 80 3f 00 00 80 3f 64 00 00 00 00   18 00           f7 03 72 03 43 03 e1 03 2c 03 d9 03 2f 03 c1 03 4c 03 b0 03 52 03 9a 03 74 03 84 03 7f 03 6a 03 a7 03 55 03 e8 03 54 03 07 04 68 03 7c 04 a1 03 d0 04 15 04 9d 04 3f 04 5d 04 3f 04 cb 03 3e 04 6d 03 16 04 43 03 f0 03 48 03 e4 03 5e 03 d4 03 d5 03 01 04 08 04 ee 03 14 04 c4 03 43 04 93 03
03 00 00 80 3f 00 00 80 3f 64 00 00 00 00   0a 00           46 04 cc 02 70 04 de 02 5f 04 f7 02 b4 04 27 03 77 04 1a 03 4e 04 24 03 32 04 1b 03 2f 04 07 03 0c 04 0d 03 0a 04 01 03
03 00 00 80 3f 00 00 80 3f 64 00 00 00 00   04 00           00 00 ae 02 64 00 e1 02 64 00 f4 02 00 00 2f 03
03 00 00 80 3f 00 00 80 3f 64 00 00 00 00   07 00           f2 00 48 02 02 01 64 02 be 00 98 02 9a 00 be 02 00 00 87 02 00 00 77 02 9e 00 83 02
