SECTION 1----------------------------------------------------------------------------------------------------------------------------------------------------------------------------------------------------------------------------------------------------------------------------------------------------------------------------------------------------------------------------------------------------------------------------------------------------------------------------------------------------------------------------------------------------------------------------------------------------------------------------------------------------------------------------------------------------------------------------------------------------------------------------------------------------------------------------------------------------------------------------------------------------------------------------------------------------------------------------------------------------------------------------------------

HEADER
ff ff 07 00

METADATA                                    # COORDINATES   COORDINATES
05 00 00 80 3f 00 00 80 3f 64 00 00 00 00   41 00           00 00 8b 00 43 00 b3 00 71 00 d2 00 a7 00 10 01 b3 00 30 01 d9 00 42 01 18 01 77 01 63 01 9c 01 9b 01 b9 01 9a 01 d2 01 28 02 1e 02 21 02 31 02 4d 02 3d 02 4d 02 32 02 6b 02 32 02 c8 02 7c 02 68 02 4f 02 61 02 5e 02 98 02 87 02 c8 02 9e 02 d8 02 b6 02 f0 02 bf 02 e5 02 d1 02 06 03 dc 02 30 03 fc 02 49 03 f4 02 93 03 26 03 94 03 3d 03 21 04 7f 03 48 03 7e 03 67 02 1b 03 b7 02 7e 03 da 01 7f 03 47 01 0f 03 59 01 d9 02 14 01 c7 02 ba 00 a9 02 7e 00 87 02 6b 00 71 02 47 00 6a 02 69 00 5f 02 6a 00 4c 02 5c 00 37 02 95 00 3e 02 aa 00 4d 02 c4 00 6a 02 99 00 59 02 9c 00 68 02 b9 00 77 02 c7 00 85 02 d4 00 82 02 ca 00 6b 02 df 00 79 02 11 01 8e 02 1c 01 87 02 f2 00 5a 02 c5 00 43 02 5c 00 36 02 2e 00 18 02 00 00 0d 02 00 00 d4 00 40 00 fe 00 6a 00 f5 00 51 00 d6 00 00 00 b1 00
03 00 00 80 3f 00 00 80 3f 64 00 00 00 00   08 00           e3 00 01 00 46 01 01 00 4c 01 27 00 63 01 3f 00 5a 01 46 00 29 01 34 00 0a 01 3e 00 ce 00 40 00
03 00 00 80 3f 00 00 80 3f 64 00 00 00 00   06 00           51 01 00 00 66 01 02 00 91 01 41 00 a8 01 46 00 c5 01 67 00 7d 01 49 00
03 00 00 80 3f 00 00 80 3f 64 00 00 00 00   06 00           85 01 03 00 be 01 01 00 f1 01 55 00 e0 01 61 00 b3 01 45 00 8d 01 20 00
03 00 00 80 3f 00 00 80 3f 64 00 00 00 00   09 00           14 01 64 00 38 01 64 00 54 01 4f 00 91 01 6b 00 e1 01 a7 00 34 02 2f 01 18 02 69 01 80 01 a5 01 be 00 a5 00
03 00 00 80 3f 00 00 80 3f 64 00 00 00 00   0e 00           cd 02 ca 00 14 03 9b 00 ea 03 65 00 e6 03 8e 00 0d 04 94 00 e5 03 b8 00 1c 04 98 00 2e 04 9b 00 2e 04 d5 00 3b 04 00 01 0e 04 3d 01 9b 03 5a 01 7c 03 4a 01 de 03 2b 01

03 00 00 80 3f 00 00 80 3f 64 00 00 00 00   0c 00           78 02 ca 01 80 02 b8 01 8a 02 bb 01 95 02 ad 01 96 02 a2 01 8d 02 a0 01 8d 02 9a 01 9b 02 98 01 aa 02 a4 01 bc 02 93 01 f2 02 a7 01 81 02 ea 01

SECTION 2----------------------------------------------------------------------------------------------------------------------------------------------------------------------------------------------------------------------------------------------------------------------------------------------------------------------------------------------------------------------------------------------------------------------------------------------------------------------------------------------------------------------------------------------------------------------------------------------------------------------------------------------------------------------------------------------------------------------------------------------------------------------------------------------------------------------------------------------------------------------------------------------------------------------------------------------------------------------------------------------------------------------------------------

HEADER
12 00 08 00

METADATA                                    # COORDINATES   COORDINATES
06 00 00 80 3f 00 00 80 3f 64 00 00 00 00   04 00           c9 03 eb 01 f6 03 c8 01 22 04 ca 01 11 04 f5 01
06 00 00 80 3f 00 00 80 3f 64 00 00 00 00   04 00           67 04 c2 01 8e 04 a8 01 c2 04 b9 01 a6 04 d4 01
06 00 00 80 3f 00 00 80 3f 64 00 00 00 00   04 00           e3 04 33 02 10 05 38 02 e0 04 6c 02 c7 04 66 02
00 00 00 80 3f 00 00 80 3f 64 00 00 00 00   03 00           ca 03 46 02 11 04 2c 02 30 04 42 02
00 00 00 80 3f 00 00 80 3f 64 00 00 00 00   04 00           3f 04 63 02 62 04 5c 02 5d 04 71 02 45 04 74 02
03 00 00 80 3f 00 00 80 3f 64 00 00 00 00   07 00           5f 05 d7 01 ac 05 ba 01 dd 05 b5 01 d9 05 d6 01 b4 05 f4 01 76 05 00 02 56 05 f1 01
03 00 00 80 3f 00 00 80 3f 64 00 00 00 00   05 00           c1 04 eb 01 d9 04 dd 01 3e 05 e7 01 2e 05 12 02 c8 04 05 02
03 00 00 80 3f 00 00 80 3f 64 00 00 00 00   04 00           fb 02 e1 01 17 03 d3 01 34 03 e9 01 1f 03 f6 01
