SECTION 1----------------------------------------------------------------------------------------------------------------------------------------------------------------------------------------------------------------------------------------------------------------------------------------------------------------------------------------------------------------------------------------------------------------------------------------------------------------------------------------------------------------------------------------------------------------------------------------------------------------------------------------------------------------------------------------------------------------------------------------------------------------------------------------------------------------------------------------------------------------------------------------------------------------------------------------------------------------------------------------------------------------------------------------

HEADER
18 00 01 00

METADATA                                    # COORDINATES   COORDINATES
01 00 00 80 3f 00 00 80 3f 64 00 00 00 00   06 00           12 05 c4 03 1b 06 6b 03 61 06 b7 03 cb 05 e9 03 94 05 ad 03 1f 05 d4 03

SECTION 2----------------------------------------------------------------------------------------------------------------------------------------------------------------------------------------------------------------------------------------------------------------------------------------------------------------------------------------------------------------------------------------------------------------------------------------------------------------------------------------------------------------------------------------------------------------------------------------------------------------------------------------------------------------------------------------------------------------------------------------------------------------------------------------------------------------------------------------------------------------------------------------------------------------------------------------------------------------------------------------------------------------------------------------

HEADER
ff ff 32 00

METADATA                                    # COORDINATES   COORDINATES
01 00 00 80 3f 00 00 80 3f 64 00 00 00 00   04 00           80 04 42 00 c8 04 2c 00 3c 05 a1 00 bc 04 cd 00 
01 00 00 80 3f 00 00 80 3f 64 00 00 00 00   04 00           6e 07 ba 03 8b 07 b1 03 ed 07 0e 04 cc 07 1b 04 
01 00 00 80 3f 00 00 80 3f 64 00 00 00 00   08 00           73 04 6a 04 2a 05 29 04 3b 05 3b 04 9e 04 70 04 40 05 12 05 a6 05 ed 04 b3 05 00 05 33 05 29 05 
01 00 00 80 3f 00 00 80 3f 64 00 00 00 00   04 00           fb 02 c0 05 1f 03 ca 05 c7 02 1d 06 a3 02 1b 06 
01 00 00 80 3f 00 00 80 3f 64 00 00 00 00   06 00           e3 01 43 05 f4 01 2a 05 82 02 48 05 6c 02 69 05 2f 02 5e 05 35 02 53 05 
01 00 00 80 3f 00 00 80 3f 64 00 00 00 00   04 00           a3 00 2d 02 c4 00 36 02 3c 00 c4 02 29 00 ba 02 
01 00 00 80 3f 00 00 80 3f 64 00 00 00 00   04 00           00 00 13 06 2f 00 e4 05 42 00 ea 05 00 00 2c 06 
01 00 00 80 3f 00 00 80 3f 64 00 00 00 00   04 00           b9 05 fb 04 b9 06 a1 04 1b 07 07 05 1a 06 60 05
06 00 00 80 3f 00 00 80 3f 64 00 00 00 00   06 00           58 00 92 04 85 00 80 04 96 00 87 04 8c 00 8f 04 79 00 8a 04 61 00 99 04
03 00 00 80 3f 00 00 80 3f 64 00 00 00 00   07 00           14 01 00 00 06 01 32 00 89 01 74 00 65 01 d5 00 38 01 0a 01 4f 00 1e 00 4e 00 00 00
03 00 00 80 3f 00 00 80 3f 64 00 00 00 00   08 00           6a 01 2d 01 90 01 e8 00 9c 01 7c 00 52 02 af 00 7e 02 b3 00 81 02 fe 00 78 02 54 01 39 02 6a 01
03 00 00 80 3f 00 00 80 3f 64 00 00 00 00   0a 00           32 01 01 00 39 01 3c 00 db 01 78 00 5d 02 a0 00 b4 02 a7 00 ec 02 89 00 d7 02 69 00 9f 02 71 00 90 02 62 00 90 01 02 00
03 00 00 80 3f 00 00 80 3f 64 00 00 00 00   0b 00           ca 02 52 01 c5 02 de 00 ee 02 bf 00 ab 03 91 00 db 03 98 00 43 04 83 00 6e 04 88 00 d5 04 f9 00 95 03 61 01 56 03 7e 01 0a 03 4a 01
03 00 00 80 3f 00 00 80 3f 64 00 00 00 00   06 00           e2 03 2d 00 04 04 44 00 0c 04 4d 00 f0 03 4e 00 d0 03 42 00 d0 03 35 00
03 00 00 80 3f 00 00 80 3f 64 00 00 00 00   04 00           30 03 26 00 3c 03 21 00 5e 03 3d 00 4c 03 3d 00
03 00 00 80 3f 00 00 80 3f 64 00 00 00 00   04 00           69 03 00 00 74 03 11 00 9d 03 1d 00 ad 03 00 00
03 00 00 80 3f 00 00 80 3f 64 00 00 00 00   05 00           66 04 23 00 b3 04 0c 00 cb 04 1f 00 c7 04 28 00 79 04 3f 00
03 00 00 80 3f 00 00 80 3f 64 00 00 00 00   05 00           4c 05 00 00 d4 06 00 00 ca 05 59 00 b9 05 5e 00 a5 05 5a 00
03 00 00 80 3f 00 00 80 3f 64 00 00 00 00   07 00           3d 06 dc 00 2a 06 e0 00 d3 05 88 00 d3 05 7e 00 4a 07 00 00 83 07 00 00 f8 05 86 00
03 00 00 80 3f 00 00 80 3f 64 00 00 00 00   08 00           4a 06 03 01 5c 06 fc 00 a9 06 48 01 7a 08 a8 00 91 08 c8 00 cb 06 61 01 b4 06 62 01 9f 06 5a 01
03 00 00 80 3f 00 00 80 3f 64 00 00 00 00   09 00           52 07 0b 02 3a 07 0a 02 31 07 ff 01 42 07 f7 01 e1 06 95 01 df 06 8a 01 e7 06 85 01 be 08 dc 00 bd 08 94 01
03 00 00 80 3f 00 00 80 3f 64 00 00 00 00   04 00           46 08 25 00 aa 08 00 00 be 08 00 00 be 08 9f 00
03 00 00 80 3f 00 00 80 3f 64 00 00 00 00   16 00           5d 05 57 01 14 06 19 01 22 06 1f 01 05 07 02 02 02 07 0d 02 0e 07 1b 02 fc 06 23 02 96 06 46 02 7e 06 52 02 5b 06 56 02 4d 06 60 02 3d 06 5d 02 2f 06 64 02 1f 06 5e 02 15 06 6e 02 cf 05 70 02 bf 05 7d 02 af 05 7d 02 5b 05 8b 02 4b 05 7f 02 45 05 3f 02 2c 05 17 02
03 00 00 80 3f 00 00 80 3f 64 00 00 00 00   08 00           f9 04 25 02 0e 05 4b 02 13 05 8b 02 bd 04 8c 02 48 04 64 02 2b 04 63 02 bd 03 f1 01 cd 03 e9 01
03 00 00 80 3f 00 00 80 3f 64 00 00 00 00   09 00           78 05 5f 03 b2 05 34 03 b0 06 da 02 7f 08 44 02 8d 08 34 02 be 08 22 02 bd 08 62 02 06 08 b6 02 dc 05 6d 03
03 00 00 80 3f 00 00 80 3f 64 00 00 00 00   10 00           0c 03 f5 01 30 03 ff 01 8d 04 58 03 8d 04 75 03 b4 03 ce 03 70 03 89 03 3e 04 46 03 65 03 76 02 14 03 8e 02 cd 02 41 02 cb 01 96 02 04 02 cb 02 4c 01 0e 03 26 01 ed 02 30 01 b2 02 58 01 8b 02
03 00 00 80 3f 00 00 80 3f 64 00 00 00 00   07 00           3a 03 a0 03 7b 03 dd 03 89 02 2f 04 57 02 23 04 60 01 24 03 94 01 11 03 68 02 e0 03
03 00 00 80 3f 00 00 80 3f 64 00 00 00 00   05 00           38 01 ad 03 63 01 b8 03 62 01 e0 03 4b 01 fe 03 2f 01 d1 03
03 00 00 80 3f 00 00 80 3f 64 00 00 00 00   05 00           de 00 6e 04 2b 01 9c 04 1b 01 b2 04 65 00 bc 04 bc 00 5e 04
03 00 00 80 3f 00 00 80 3f 64 00 00 00 00   08 00           41 03 4f 05 a4 03 35 05 a7 03 3d 05 59 03 51 05 70 03 6c 05 82 03 69 05 8b 03 77 05 6a 03 80 05
03 00 00 80 3f 00 00 80 3f 64 00 00 00 00   06 00           3a 07 d8 04 ba 07 ad 04 a0 07 de 04 69 07 01 05 70 06 5e 05 51 06 55 05
03 00 00 80 3f 00 00 80 3f 64 00 00 00 00   15 00           92 07 19 05 88 07 03 05 cc 07 e0 04 41 08 a9 04 5e 08 c0 04 7f 08 cc 04 8a 08 d9 04 83 08 e7 04 89 08 06 05 a8 08 08 05 97 08 2b 05 87 08 41 05 4b 08 2e 05 3b 08 20 05 0c 08 38 05 24 08 41 05 37 08 4d 05 2a 08 61 05 e1 07 5e 05 ca 07 4e 05 b6 07 54 05
03 00 00 80 3f 00 00 80 3f 64 00 00 00 00   07 00           9f 07 7d 05 ae 07 7d 05 a4 07 87 05 a4 07 98 05 99 07 a7 05 85 07 a6 05 84 07 98 05
03 00 00 80 3f 00 00 80 3f 64 00 00 00 00   05 00           81 07 04 06 89 07 fe 05 cf 07 fb 05 d3 07 16 06 87 07 21 06
03 00 00 80 3f 00 00 80 3f 64 00 00 00 00   07 00           11 08 14 04 53 08 95 03 8c 08 96 03 be 08 b1 03 be 08 14 04 ac 08 2f 04 8d 08 5e 04
03 00 00 80 3f 00 00 80 3f 64 00 00 00 00   04 00           e4 03 2c 06 0c 04 1e 06 1f 04 3f 06 e9 03 3e 06
03 00 00 80 3f 00 00 80 3f 64 00 00 00 00   06 00           39 04 0b 06 7a 04 03 06 a9 04 21 06 84 04 28 06 67 04 26 06 50 04 1e 06
03 00 00 80 3f 00 00 80 3f 64 00 00 00 00   09 00           cc 04 cc 05 e1 04 af 05 0b 05 ad 05 13 05 b8 05 13 05 ce 05 2e 05 f2 05 61 05 fb 05 5e 05 1f 06 09 05 0f 06
03 00 00 80 3f 00 00 80 3f 64 00 00 00 00   09 00           4e 06 77 05 f7 06 52 05 aa 06 c2 05 7e 06 bb 05 8a 06 a7 05 40 06 a4 05 41 06 99 05 6b 06 93 05 3e 06 81 05
03 00 00 80 3f 00 00 80 3f 64 00 00 00 00   06 00           0c 04 84 05 12 04 95 05 3b 04 98 05 56 04 91 05 6e 04 7e 05 6c 04 70 05
03 00 00 80 3f 00 00 80 3f 64 00 00 00 00   08 00           39 00 1a 01 4c 00 22 01 57 00 34 01 55 00 5c 01 45 00 6b 01 2e 00 6f 01 2e 00 7c 01 02 00 7c 01
03 00 00 80 3f 00 00 80 3f 64 00 00 00 00   07 00           22 00 5b 00 5f 00 6c 00 91 00 9c 00 49 01 54 01 05 01 6e 01 74 00 c6 00 07 00 85 00
03 00 00 80 3f 00 00 80 3f 64 00 00 00 00   06 00           02 00 d0 01 49 00 be 01 6c 00 b9 01 74 00 ca 01 65 00 f7 01 00 00 39 02
03 00 00 80 3f 00 00 80 3f 64 00 00 00 00   07 00           d7 00 dd 01 ef 00 d3 01 60 01 b9 01 63 01 c9 01 53 01 d3 01 12 01 e1 01 e6 00 e5 01
03 00 00 80 3f 00 00 80 3f 64 00 00 00 00   0a 00           e0 00 1e 02 f2 00 06 02 ff 00 01 02 16 01 14 02 12 01 2a 02 e6 00 2b 02 e3 00 37 02 d6 00 3b 02 d2 00 32 02 e4 00 2a 02
03 00 00 80 3f 00 00 80 3f 64 00 00 00 00   08 00           77 00 99 02 77 00 88 02 81 00 7f 02 a2 00 92 02 be 00 af 02 d5 00 ae 02 d5 00 ce 02 af 00 cb 02
03 00 00 80 3f 00 00 80 3f 64 00 00 00 00   03 00           a2 00 7d 01 c3 00 ac 01 a7 00 c0 01
03 00 00 80 3f 00 00 80 3f 64 00 00 00 00   04 00           5d 02 66 01 93 02 53 01 87 02 65 01 75 02 74 01
03 00 00 80 3f 00 00 80 3f 64 00 00 00 00   05 00           ca 01 d1 05 93 01 dd 05 7f 01 a1 05 c2 01 8a 05 de 01 ae 05
03 00 00 80 3f 00 00 80 3f 64 00 00 00 00   06 00           39 05 2b 01 dc 04 cf 00 87 05 93 00 a5 05 9b 00 e3 05 e0 00 e0 05 f9 00

SECTION 3----------------------------------------------------------------------------------------------------------------------------------------------------------------------------------------------------------------------------------------------------------------------------------------------------------------------------------------------------------------------------------------------------------------------------------------------------------------------------------------------------------------------------------------------------------------------------------------------------------------------------------------------------------------------------------------------------------------------------------------------------------------------------------------------------------------------------------------------------------------------------------------------------------------------------------------------------------------------------------------------------------------------------------------

HEADER
ff ff 2d 00

METADATA                                    # COORDINATES   COORDINATES
08 00 00                                    0a 00           49 00 5b 00 46 01 52 01 e9 00 cd 01 8e 00 c7 01 45 00 7c 01 8a 00 66 01 84 00 61 01 8b 00 38 01 d3 00 20 01 18 00 65 00
08 00 00                                    06 00           42 01 2b 01 86 01 68 01 74 01 68 01 4f 01 60 01 47 01 64 01 02 01 3d 01
08 00 00                                    08 00           6b 03 49 00 77 03 5b 00 83 03 5f 00 86 03 66 00 77 03 66 00 6e 03 71 00 56 03 6b 00 58 03 5a 00
08 00 00                                    05 00           cf 03 25 00 0c 04 4c 00 4d 04 8f 00 f9 03 84 00 ac 03 31 00
08 00 00                                    05 00           47 03 3c 01 46 04 60 02 28 04 6d 02 e2 03 77 02 cf 02 63 01
08 00 00                                    03 00           f3 05 e9 01 38 06 1d 02 ef 05 15 02
08 00 00                                    1c 00           cf 07 00 00 5c 08 8c 00 2c 08 a0 00 20 08 94 00 4a 08 82 00 3c 08 75 00 1a 08 88 00 0d 08 7c 00 34 08 6c 00 2a 08 63 00 03 08 73 00 f7 07 67 00 20 08 58 00 14 08 4b 00 cf 07 67 00 b8 07 5f 00 09 08 40 00 fe 07 35 00 d1 07 45 00 c5 07 3b 00 f4 07 2a 00 e6 07 1f 00 be 07 2f 00 b3 07 25 00 de 07 16 00 d4 07 0c 00 a5 07 1a 00 9e 07 0f 00
08 00 00                                    17 00           9b 07 27 00 86 07 34 00 a1 07 43 00 79 07 53 00 91 07 6b 00 68 07 7b 00 73 07 88 00 9f 07 78 00 b8 07 90 00 cb 07 8a 00 dd 07 8a 00 f3 07 9f 00 d9 07 a9 00 ec 07 b1 00 0c 08 a8 00 eb 07 87 00 c6 07 87 00 9d 07 5e 00 c3 07 51 00 be 07 42 00 8c 07 14 00 5b 07 27 00 74 07 33 00
08 00 00                                    04 00           4b 07 45 00 70 07 6c 00 61 07 69 00 40 07 49 00
08 00 00                                    05 00           88 07 8a 00 9a 07 92 00 c2 07 bb 00 b3 07 c0 00 85 07 91 00
08 00 00                                    06 00           3a 07 69 00 86 07 b7 00 53 07 cb 00 39 07 c2 00 70 07 af 00 2d 07 6d 00
08 00 00                                    05 00           10 07 bc 00 3e 07 ee 00 30 07 f2 00 df 06 a5 00 f7 06 9a 00
08 00 00                                    08 00           24 07 71 00 2a 07 7c 00 9e 06 ad 00 d3 06 df 00 ef 06 d4 00 fb 06 e0 00 ce 06 f1 00 83 06 a7 00
08 00 00                                    06 00           36 07 51 00 3d 07 5c 00 69 06 a4 00 bf 06 fd 00 a8 06 fb 00 52 06 9d 00
08 00 00                                    06 00           33 07 31 00 41 07 3f 00 32 06 9a 00 b2 06 21 01 a1 06 1e 01 1a 06 92 00
08 00 00                                    0d 00           5a 08 e4 00 ae 06 50 01 84 06 71 01 a0 06 a7 01 e4 06 bb 01 0d 07 db 01 61 07 db 01 ba 07 be 01 c1 07 95 01 f5 07 83 01 21 08 90 01 60 08 80 01 98 08 48 01
08 00 00                                    05 00           03 08 59 02 29 08 64 02 2a 08 7f 02 fb 07 81 02 ef 07 67 02
08 00 00                                    05 00           5c 07 91 02 83 07 99 02 6d 07 bc 02 45 07 b4 02 3f 07 9c 02
08 00 00                                    06 00           a2 06 b8 02 d2 06 b1 02 e7 06 ce 02 dd 06 e1 02 c3 06 e7 02 a9 06 d5 02
08 00 00                                    05 00           25 06 f3 02 4e 06 01 03 4f 06 12 03 1c 06 23 03 0e 06 08 03
08 00 00                                    06 00           67 05 2c 03 94 05 2c 03 c0 05 3e 03 bc 05 48 03 98 05 53 03 5b 05 48 03
08 00 00                                    10 00           bb 08 c6 02 bd 08 3a 03 bd 08 0d 04 54 08 1f 04 23 08 3c 04 12 08 31 04 d2 07 3a 04 ac 07 2a 04 3c 07 b7 03 4c 07 af 03 44 07 a4 03 77 07 93 03 51 07 6b 03 70 08 13 03 65 08 0c 03 6b 08 e0 02
08 00 00                                    06 00           60 08 20 05 9b 08 34 05 6f 08 93 05 5c 08 8f 05 71 08 6f 05 38 08 61 05
08 00 00                                    05 00           ea 07 bf 04 0b 08 e7 04 f8 07 30 05 9c 07 23 05 66 07 f3 04
08 00 00                                    0b 00           a9 06 4c 05 08 07 4f 05 21 07 c9 05 d8 06 bd 05 ca 06 ca 05 ab 06 be 05 b3 06 b2 05 64 06 9f 05 31 06 8c 05 3b 06 72 05 8f 06 67 05
08 00 00                                    0a 00           c6 05 79 03 10 06 ca 03 04 05 32 04 1c 06 66 05 85 05 50 05 4f 05 11 05 b4 04 f9 04 18 04 5f 04 83 04 39 04 3e 04 f0 03
08 00 00                                    08 00           21 06 76 04 e3 05 3a 04 d1 05 37 04 60 06 da 03 7b 06 d5 03 f6 06 7f 04 b1 05 ef 04 75 05 ab 04
08 00 00                                    07 00           65 06 ba 03 7b 06 d0 03 a5 06 43 04 8c 06 49 04 5e 06 d9 03 40 06 e3 03 2c 06 cf 03
08 00 00                                    09 00           54 07 e4 05 b0 07 d5 05 73 08 c7 05 a6 08 d4 05 69 08 3b 06 cb 07 09 06 a7 07 22 06 6d 07 1c 06 42 07 06 06
08 00 00                                    05 00           ca 04 2d 06 32 05 0c 06 71 05 36 06 36 05 3f 06 dd 04 3f 06
08 00 00                                    05 00           89 04 b0 05 bb 04 d9 05 a4 04 20 06 48 04 10 06 0e 04 e0 05
08 00 00                                    0e 00           e1 02 04 05 2a 03 f7 04 e6 02 f4 04 e5 02 c4 04 95 03 e5 04 d1 03 49 05 a4 03 9e 05 56 03 8f 05 42 03 96 05 0f 03 82 05 46 03 75 05 1b 03 3b 05 51 03 2c 05 41 03 16 05
08 00 00                                    04 00           c4 01 08 06 1c 02 16 06 d6 01 3e 06 8c 01 3e 06
08 00 00                                    05 00           16 01 c1 05 34 01 f5 05 c6 00 3f 06 76 00 3c 06 5d 00 db 05
08 00 00                                    08 00           ad 01 ca 04 0f 02 d8 04 c7 01 54 05 ac 01 52 05 bb 01 40 05 7d 01 30 05 92 01 1f 05 79 01 16 05
08 00 00                                    04 00           ac 03 0d 05 c3 03 2d 05 a9 03 2a 05 95 03 13 05
08 00 00                                    07 00           5e 02 db 03 bd 01 c2 03 f9 00 f7 02 3d 01 e2 02 e9 00 95 02 bd 02 f3 01 27 03 6c 02 08 01 00 08 00 11 02 93 02 99 02 11 03 70 02 0b 03 56 02 f0 02 16 02 e3 02 03 02 da 02 11 02 d8 02 e0 01 a5 02
08 00 00                                    05 00           c1 04 3c 02 0e 05 21 02 42 05 3f 02 3f 05 51 02 c7 04 70 02
08 00 00                                    05 00           44 05 1d 02 9c 05 18 02 d5 05 37 02 aa 05 51 02 76 05 4d 02
08 00 00                                    09 00           84 08 68 04 6c 08 6a 04 68 08 72 04 72 08 78 04 8f 08 7a 04 80 08 80 04 8f 08 8a 04 a3 08 89 04 ba 08 71 04
08 00 00                                    0a 00           27 08 02 00 70
08 00 00                                    be 08           61 00 be 08 b2 00 88 08 b0 00 55 08 6f 00 59 08 50 00 40 08 44 00 48 08 33 00 34 08 28 00
08 00 00                                    06 00           77 08 26 02 af 08 25 02 bd 08 3b 02 ab 08 4a 02 78 08 47 02 67 08 39 02
08 00 00                                    04 00           d2 02 33 06 37 03 1d 06 90 03 3d 06 eb 02 3f 06
08 00 00                                    06 00           78 06 9e 01 f8 06 ff 01 7e 06 22 02 26 06 fe 01 06 06 c3 01 20 06 9e 01
