SECTION 1----------------------------------------------------------------------------------------------------------------------------------------------------------------------------------------------------------------------------------------------------------------------------------------------------------------------------------------------------------------------------------------------------------------------------------------------------------------------------------------------------------------------------------------------------------------------------------------------------------------------------------------------------------------------------------------------------------------------------------------------------------------------------------------------------------------------------------------------------------------------------------------------------------------------------------------------------------------------------------------------------------------------------------------

HEADER
f8 00 02 00

METADATA                                    # COORDINATES   COORDINATES
03 00 00 80 3f 00 00 80 3f 64 00 00 00 00   07 00           56 00 02 00 95 01 00 00 a8 01 1c 00 4a 01 31 00 39 01 92 00 e3 00 a8 00 c2 00 65 00
03 00 00 80 3f 00 00 80 3f 64 00 00 00 00   06 00           00 00 00 00 1a 00 01 00 58 00 4f 00 9a 00 5e 00 ae 00 c3 00 00 00 06 01

SECTION 2----------------------------------------------------------------------------------------------------------------------------------------------------------------------------------------------------------------------------------------------------------------------------------------------------------------------------------------------------------------------------------------------------------------------------------------------------------------------------------------------------------------------------------------------------------------------------------------------------------------------------------------------------------------------------------------------------------------------------------------------------------------------------------------------------------------------------------------------------------------------------------------------------------------------------------------------------------------------------------------------------------------------------------------

HEADER
83 01 01 00

METADATA                                    # COORDINATES   COORDINATES
03 00 00 80 3f 00 00 80 3f 64 00 00 00 00   08 00           9b 04 9c 05 14 05 74 05 9f 05 a5 05 a1 05 ca 05 81 05 fa 05 e8 04 1a 06 c9 04 08 06 8e 04 b7 05

SECTION 3----------------------------------------------------------------------------------------------------------------------------------------------------------------------------------------------------------------------------------------------------------------------------------------------------------------------------------------------------------------------------------------------------------------------------------------------------------------------------------------------------------------------------------------------------------------------------------------------------------------------------------------------------------------------------------------------------------------------------------------------------------------------------------------------------------------------------------------------------------------------------------------------------------------------------------------------------------------------------------------------------------------------------------------

HEADER
a9 00 01 00

METADATA                                    # COORDINATES   COORDINATES
01 00 00 80 3f 00 00 80 3f 64 00 00 00 00   04 00           e1 05 6a 01 0e 06 aa 01 a1 07 1a 01 57 07 e1 00

SECTION 4----------------------------------------------------------------------------------------------------------------------------------------------------------------------------------------------------------------------------------------------------------------------------------------------------------------------------------------------------------------------------------------------------------------------------------------------------------------------------------------------------------------------------------------------------------------------------------------------------------------------------------------------------------------------------------------------------------------------------------------------------------------------------------------------------------------------------------------------------------------------------------------------------------------------------------------------------------------------------------------------------------------------------------------

HEADER
ff ff 2e 00

METADATA                                    # COORDINATES   COORDINATES
01 00 00 80 3f 00 00 80 3f 64 00 00 00 00   04 00           ed 00 19 01 a3 01 72 01 8a 01 84 01 d5 00 2b 01
01 00 00 80 3f 00 00 80 3f 64 00 00 00 00   04 00           9d 00 4f 03 c6 00 18 03 05 01 27 03 d6 00 5e 03
01 00 00 80 3f 00 00 80 3f 64 00 00 00 00   04 00           38 06 56 05 50 06 49 05 bb 06 7e 05 a1 06 8f 05
01 00 00 80 3f 00 00 80 3f 64 00 00 00 00   04 00           9c 04 59 04 e8 04 3e 04 21 05 70 04 d1 04 90 04
01 00 00 80 3f 00 00 80 3f 64 00 00 00 00   04 00           cb 00 01 01 da 00 01 01 d4 00 1c 01 c5 00 1b 01
06 00 00 80 3f 00 00 80 3f 64 00 00 00 00   04 00           5e 00 03 05 74 00 01 05 78 00 0f 05 68 00 0f 05
06 00 00 80 3f 00 00 80 3f 64 00 00 00 00   04 00           61 00 49 05 77 00 3d 05 9f 00 48 05 6f 00 5a 05
06 00 00 80 3f 00 00 80 3f 64 00 00 00 00   04 00           7b 01 b5 05 a8 01 af 05 cc 01 e0 05 84 01 ef 05
06 00 00 80 3f 00 00 80 3f 64 00 00 00 00   04 00           3d 02 e2 05 54 02 e6 05 53 02 f6 05 3c 02 f7 05
06 00 00 80 3f 00 00 80 3f 64 00 00 00 00   04 00           78 02 fa 05 8b 02 f7 05 8e 02 11 06 7f 02 0c 06
06 00 00 80 3f 00 00 80 3f 64 00 00 00 00   06 00           a8 02 e5 05 d1 02 ea 05 ea 02 ff 05 e0 02 0e 06 c8 02 fd 05 af 02 f9 05
06 00 00 80 3f 00 00 80 3f 64 00 00 00 00   04 00           a3 02 0c 06 af 02 07 06 d0 02 2b 06 c0 02 34 06
06 00 00 80 3f 00 00 80 3f 64 00 00 00 00   04 00           6a 03 d9 05 7d 03 d6 05 85 03 e4 05 74 03 e7 05
06 00 00 80 3f 00 00 80 3f 64 00 00 00 00   04 00           78 03 13 06 8b 03 13 06 89 03 1f 06 7b 03 1e 06
06 00 00 80 3f 00 00 80 3f 64 00 00 00 00   04 00           ae 03 00 06 c7 03 ff 05 c2 03 0a 06 b6 03 0d 06
06 00 00 80 3f 00 00 80 3f 64 00 00 00 00   04 00           d2 03 e1 05 ea 03 df 05 e7 03 ee 05 d8 03 f0 05
06 00 00 80 3f 00 00 80 3f 64 00 00 00 00   04 00           dc 03 10 06 f5 03 0f 06 f2 03 1e 06 e2 03 21 06
06 00 00 80 3f 00 00 80 3f 64 00 00 00 00   06 00           88 04 d9 05 a4 04 db 05 ab 04 f3 05 9d 04 f6 05 9a 04 e5 05 85 04 e4 05
06 00 00 80 3f 00 00 80 3f 64 00 00 00 00   04 00           55 07 ae 04 61 07 93 04 88 07 9d 04 66 07 b4 04
06 00 00 80 3f 00 00 80 3f 64 00 00 00 00   05 00           a6 07 8b 04 ba 07 80 04 d5 07 93 04 c5 07 a2 04 ad 07 9d 04
06 00 00 80 3f 00 00 80 3f 64 00 00 00 00   04 00           c9 07 68 04 d7 07 61 04 e5 07 6b 04 d5 07 72 04
06 00 00 80 3f 00 00 80 3f 64 00 00 00 00   05 00           2b 06 20 04 56 06 12 04 65 06 1c 04 5c 06 2d 04 3f 06 35 04
06 00 00 80 3f 00 00 80 3f 64 00 00 00 00   04 00           61 06 13 06 72 06 0e 06 7a 06 1f 06 67 06 22 06
06 00 00 80 3f 00 00 80 3f 64 00 00 00 00   03 00           c6 02 78 04 df 02 76 04 d4 02 8a 04
06 00 00 80 3f 00 00 80 3f 64 00 00 00 00   04 00           bf 02 b4 04 f4 02 9e 04 0a 03 b0 04 d6 02 c5 04
03 00 00 80 3f 00 00 80 3f 64 00 00 00 00   0d 00           cd 02 01 00 b0 03 01 00 83 03 44 00 0e 03 9c 00 df 02 b9 00 c3 02 dc 00 a0 02 e8 00 9d 02 d4 00 90 02 d0 00 7e 02 dd 00 72 02 d0 00 b8 02 7d 00 db 02 27 00
03 00 00 80 3f 00 00 80 3f 64 00 00 00 00   07 00           1b 01 26 03 e1 01 93 01 48 02 5d 01 4b 02 9a 01 0a 02 e8 01 fe 02 d9 02 a7 01 55 03
03 00 00 80 3f 00 00 80 3f 64 00 00 00 00   09 00           01 00 7b 02 e4 00 e8 01 30 01 f1 01 4d 01 ba 01 8e 01 a4 01 3a 01 53 02 22 01 56 02 c4 00 16 03 00 00 de 02
03 00 00 80 3f 00 00 80 3f 64 00 00 00 00   07 00           52 00 46 04 1d 00 6c 04 34 00 91 04 01 00 8f 04 00 00 c5 04 4b 00 dd 04 8a 00 ca 04
03 00 00 80 3f 00 00 80 3f 64 00 00 00 00   07 00           e9 00 b6 03 33 01 b1 03 3d 01 c9 03 eb 00 33 04 bd 00 3a 04 b2 00 13 04 c7 00 cb 03
03 00 00 80 3f 00 00 80 3f 64 00 00 00 00   0c 00           05 01 c2 04 49 01 c3 04 f9 01 ef 04 28 02 24 05 02 02 2d 05 08 02 44 05 e1 01 4d 05 b3 01 41 05 be 01 1e 05 8a 01 2f 05 3b 01 f9 04 36 01 d4 04
03 00 00 80 3f 00 00 80 3f 64 00 00 00 00   05 00           8f 00 f0 04 c6 00 fb 04 f9 00 3c 05 f2 00 84 05 c0 00 9d 05
03 00 00 80 3f 00 00 80 3f 64 00 00 00 00   0b 00           5d 02 71 05 55 02 30 05 83 02 16 05 b3 04 94 04 e7 04 ad 04 f2 04 d4 04 d8 04 06 05 c0 04 30 05 cf 03 88 05 6d 03 8d 05 cf 02 8d 05
03 00 00 80 3f 00 00 80 3f 64 00 00 00 00   08 00           7e 06 a9 05 08 07 3f 05 79 07 8f 05 86 07 c2 05 2a 07 ca 05 1b 07 69 05 ca 06 9f 05 cb 06 d3 05
03 00 00 80 3f 00 00 80 3f 64 00 00 00 00   07 00           2a 05 67 04 ce 05 1b 04 37 06 33 04 1c 06 6e 04 de 05 8d 04 ad 05 94 04 4b 05 9b 04
03 00 00 80 3f 00 00 80 3f 64 00 00 00 00   0b 00           58 06 0e 04 be 08 30 03 bd 08 79 03 7d 08 8c 03 7b 08 9a 03 96 08 a0 03 bd 08 8d 03 bc 08 ed 03 68 08 b5 03 44 08 ac 03 7b 06 27 04
03 00 00 80 3f 00 00 80 3f 64 00 00 00 00   29 00           e4 06 5d 04 11 07 54 04 27 07 6f 04 0d 07 8f 04 34 07 92 04 53 07 74 04 3f 07 63 04 45 07 5e 04 91 07 59 04 62 07 24 04 8e 07 10 04 98 07 41 04 b4 07 6c 04 7f 07 76 04 54 07 7e 04 50 07 b0 04 64 07 b9 04 3e 07 ba 04 48 07 cc 04 29 07 d7 04 18 07 c6 04 13 07 d5 04 10 07 e7 04 34 07 03 05 07 07 29 05 b8 06 0e 05 bb 06 e7 04 c9 06 cc 04 fb 06 d1 04 db 06 c2 04 d8 06 b4 04 0f 07 a1 04 ef 06 72 04 ea 06 7d 04 f4 06 87 04 d6 06 a0 04 af 06 9e 04 8d 06 ba 04 7d 06 a6 04 8c 06 97 04 a5 06 77 04
03 00 00 80 3f 00 00 80 3f 64 00 00 00 00   18 00           e8 05 2a 05 d3 05 04 05 fd 05 e4 04 10 06 db 04 07 06 cb 04 15 06 ba 04 48 06 9c 04 3d 06 8f 04 50 06 74 04 72 06 5c 04 98 06 4c 04 d0 06 50 04 89 06 61 04 73 06 83 04 53 06 96 04 51 06 b8 04 2c 06 c3 04 10 06 c6 04 23 06 e1 04 2f 06 fb 04 49 06 e8 04 81 06 fe 04 5e 06 24 05 1c 06 1c 05
03 00 00 80 3f 00 00 80 3f 64 00 00 00 00   08 00           71 03 a3 03 90 03 96 03 be 03 9d 03 fb 03 c9 03 cc 03 d8 03 81 03 f3 03 43 03 f9 03 24 03 bd 03
03 00 00 80 3f 00 00 80 3f 64 00 00 00 00   0f 00           99 02 94 03 d0 02 93 03 fb 02 a9 03 f0 02 c3 03 0f 03 bb 03 15 03 ca 03 e4 02 d4 03 e2 02 ea 03 ba 02 ca 03 9b 02 c9 03 8d 02 d9 03 f0 01 13 04 ae 01 d2 03 d7 01 82 03 62 02 6a 03
03 00 00 80 3f 00 00 80 3f 64 00 00 00 00   09 00           9d 02 d8 01 ac 02 c5 01 31 03 b7 01 3e 03 f2 01 f1 02 1c 02 01 03 3d 02 ee 02 5a 02 b5 02 5d 02 b7 02 27 02
03 00 00 80 3f 00 00 80 3f 64 00 00 00 00   07 00           3e 03 91 02 56 03 98 02 8a 03 db 02 a0 03 e0 02 89 03 ee 02 54 03 17 03 fe 02 c4 02
03 00 00 80 3f 00 00 80 3f 64 00 00 00 00   05 00           1d 05 02 01 44 05 0a 01 55 05 1d 01 44 05 2c 01 11 05 17 01
03 00 00 80 3f 00 00 80 3f 64 00 00 00 00   05 00           b9 07 10 04 c8 07 f5 03 ea 07 f8 03 ec 07 11 04 d0 07 19 04
03 00 00 80 3f 00 00 80 3f 64 00 00 00 00   07 00           bc 02 63 04 c9 02 84 04 e4 02 9f 04 b0 02 b8 04 8f 02 b5 04 55 02 75 04 97 02 58 04
03 00 00 80 3f 00 00 80 3f 64 00 00 00 00   07 00           cf 02 dd 05 20 03 cf 05 5f 03 d3 05 6c 03 fb 05 5d 03 05 06 f4 02 1e 06 f1 02 f5 05

SECTION 5----------------------------------------------------------------------------------------------------------------------------------------------------------------------------------------------------------------------------------------------------------------------------------------------------------------------------------------------------------------------------------------------------------------------------------------------------------------------------------------------------------------------------------------------------------------------------------------------------------------------------------------------------------------------------------------------------------------------------------------------------------------------------------------------------------------------------------------------------------------------------------------------------------------------------------------------------------------------------------------------------------------------------------------

HEADER
ff ff 1a 00

METADATA                                    # COORDINATES   COORDINATES
08 00 00                                    42 00           35 07 d1 01 f4 07 7f 01 bf 08 3a 02 be 08 2c 03 56 08 52 03 66 08 5d 03 46 08 57 03 f2 07 77 03 05 08 83 03 e4 07 7e 03 96 07 9b 03 a3 07 a6 03 86 07 a1 03 39 07 bc 03 44 07 c9 03 2b 07 c2 03 d7 06 e1 03 e8 06 f0 03 c4 06 e7 03 77 06 03 04 86 06 10 04 67 06 08 04 19 06 24 04 26 06 34 04 08 06 2d 04 eb 05 32 04 9c 05 29 04 7b 05 2b 04 61 05 23 04 49 05 2e 04 37 05 19 04 43 05 f8 03 23 05 05 04 95 04 87 03 49 04 7c 03 13 04 46 03 e7 03 1e 03 06 04 1e 03 5b 04 02 03 2c 04 f5 02 f4 03 ef 02 e9 03 e3 02 0a 04 d0 02 28 04 cd 02 fd 03 a3 02 23 04 77 02 63 04 69 02 39 04 46 02 00 04 47 02 84 03 18 02 91 03 eb 01 81 05 30 01 70 05 21 01 85 05 1b 01 7e 05 14 01 49 05 0e 01 4b 05 04 01 68 05 08 01 63 05 fd 00 39 05 d8 00 64 05 c8 00 9e 06 cd 01 38 05 7d 02 8d 05 3b 03 dd 05 7e 03 2a 08 a8 02
08 00 00                                    09 00           4c 06 35 02 68 06 2c 02 8c 06 30 02 c7 06 4b 02 f5 06 69 02 21 07 75 02 8d 06 6a 02 57 06 5c 02 45 06 49 02
08 00 00                                    53 00           b7 03 64 01 71 03 5f 01 1a 03 7a 01 e4 02 74 01 0e 02 cb 01 12 02 ef 01 f7 02 d1 02 db 01 3e 03 fa 01 60 03 bb 01 8d 03 a9 01 a8 03 b3 01 e5 03 a7 02 f5 04 57 02 fc 04 fd 01 16 05 e5 01 ff 04 e1 01 f5 04 e5 01 e8 04 ef 01 f1 04 ff 01 ee 04 fe 01 d5 04 ee 01 c5 04 d5 01 bb 04 d5 01 a2 04 44 01 9a 04 15 01 88 04 d4 00 a4 04 91 00 8c 04 85 00 84 04 7e 00 74 04 8f 00 6d 04 a2 00 6c 04 ba 00 5c 04 e7 00 58 04 f4 00 69 04 41 01 56 04 5a 01 c0 03 4f 01 ab 03 4f 01 8b 03 36 01 79 03 4f 01 61 03 46 01 4d 03 34 01 46 03 25 01 60 03 19 01 51 03 1b 01 2d 03 29 01 2a 03 5e 01 42 03 7e 01 89 03 9b 01 6e 03 ab 01 6c 03 63 01 35 03 69 01 1d 03 7c 01 13 03 72 01 0c 03 84 01 fe 02 9c 01 fe 02 bd 01 f6 02 8c 02 a7 02 f6 01 1a 02 e8 01 19 02 cd 01 04 02 c1 01 e7 01 ac 01 dc 01 a5 01 d1 01 91 01 d4 01 8a 01 db 01 7f 01 d4 01 96 01 c0 01 7c 01 b3 01 8a 01 ab 01 a0 01 af 01 b8 01 9a 01 e2 01 a6 01 89 02 68 01 3d 02 26 01 6d 02 17 01 6d 02 eb 00 c0 04 12 00 15 05 5c 00 c9 02 33 01 19 03 78 01 9c 03 50 01
08 00 00                                    0c 00           ce 02 19 04 e8 02 1b 04 0c 03 32 04 24 03 49 04 53 03 8a 04 29 03 96 04 be 02 8a 04 90 02 62 04 de 02 44 04 f3 02 45 04 e8 02 36 04 ce 02 31 04
08 00 00                                    05 00           0d 04 45 04 2b 04 3a 04 56 04 39 04 6c 04 4b 04 2d 04 61 04
08 00 00                                    04 00           8a 04 1f 04 cf 04 25 04 e0 04 38 04 89 04 30 04
08 00 00                                    1a 00           7d 07 31 05 79 07 82 05 bc 07 cb 05 b7 07 e4 05 12 08 00 06 cf 07 02 06 8f 07 fb 05 63 07 ee 05 59 07 d7 05 27 07 c7 05 f8 06 be 05 c3 06 a2 05 b7 06 9d 05 a8 06 8f 05 9b 06 83 05 4e 06 86 05 2c 06 93 05 bc 05 56 05 13 06 2b 05 1e 06 2f 05 74 06 2f 05 e9 06 51 05 07 07 50 05 13 07 49 05 2f 07 3f 05 47 07 36 05
08 00 00                                    07 00           f3 01 3f 06 6e 00 3f 06 01 00 17 06 00 00 c4 05 46 00 cd 05 75 00 d6 05 83 00 ce 05
08 00 00                                    03 00           3a 02 81 03 70 02 6e 03 95 02 8c 03
08 00 00                                    06 00           dc 03 25 06 c0 03 3f 06 88 03 3d 06 79 03 35 06 74 03 2a 06 a1 03 1f 06
08 00 00                                    06 00           2c 05 3f 06 44 05 31 06 56 05 16 06 8e 05 24 06 d8 05 1f 06 ed 05 3f 06
08 00 00                                    06 00           05 00 be 03 34 00 aa 03 61 00 a7 03 96 00 ba 03 8b 00 db 03 0e 00 ed 03
08 00 00                                    08 00           48 03 c4 00 94 03 0a 01 6a 03 19 01 43 03 05 01 03 03 fd 00 f1 02 01 01 f2 02 ea 00 fe 02 de 00
08 00 00                                    07 00           46 05 ad 02 5b 05 c0 02 14 05 30 03 e8 04 3f 03 b5 04 0c 03 b8 04 ee 02 f4 04 d8 02
08 00 00                                    04 00           29 02 f5 02 6f 02 33 03 29 02 48 03 e4 01 0f 03
08 01 00                                    04 00           7f 05 e6 01 99 05 e8 01 99 05 f5 01 69 05 ef 01
08 01 00                                    04 00           c3 05 ce 01 dd 05 d0 01 de 05 dd 01 a9 05 d7 01
08 01 00                                    04 00           04 06 b5 01 21 06 b8 01 1f 06 c4 01 ec 05 bf 01
08 01 00                                    04 00           48 06 9e 01 62 06 a1 01 61 06 ab 01 2f 06 a6 01
08 01 00                                    04 00           85 06 84 01 a4 06 87 01 a2 06 92 01 6b 06 8d 01
08 01 00                                    04 00           cc 06 6e 01 eb 06 70 01 e6 06 7a 01 b5 06 76 01
08 00 00                                    04 00           10 07 55 01 28 07 58 01 27 07 62 01 f4 06 5e 01
08 00 00                                    07 00           3a 07 42 01 b0 07 19 01 be 08 21 02 be 08 46 02 c6 07 71 01 a9 07 4d 01 60 07 66 01
08 00 00                                    05 00           81 07 da 03 a5 07 f4 03 98 07 04 04 60 07 04 04 53 07 f4 03
08 00 00                                    06 00           f2 06 41 04 0b 07 35 04 38 07 2b 04 63 07 36 04 6f 07 57 04 33 07 60 04
08 00 00                                    04 00           aa 06 29 06 1f 07 2b 06 29 07 3f 06 b3 06 3e 06
