SECTION 1----------------------------------------------------------------------------------------------------------------------------------------------------------------------------------------------------------------------------------------------------------------------------------------------------------------------------------------------------------------------------------------------------------------------------------------------------------------------------------------------------------------------------------------------------------------------------------------------------------------------------------------------------------------------------------------------------------------------------------------------------------------------------------------------------------------------------------------------------------------------------------------------------------------------------------------------------------------------------------------------------------------------------------------

HEADER
ec 01 02 00

METADATA                                    # COORDINATES   COORDINATES
01 00 00 80 3f 00 00 80 3f 64 00 00 00 00   04 00           25 03 e5 01 40 03 d8 01 4d 03 e9 01 31 03 f5 01
06 00 00 80 3f 00 00 80 3f 64 00 00 00 00   04 00           77 03 54 01 9f 03 50 01 9f 03 5f 01 78 03 64 01


SECTION 2----------------------------------------------------------------------------------------------------------------------------------------------------------------------------------------------------------------------------------------------------------------------------------------------------------------------------------------------------------------------------------------------------------------------------------------------------------------------------------------------------------------------------------------------------------------------------------------------------------------------------------------------------------------------------------------------------------------------------------------------------------------------------------------------------------------------------------------------------------------------------------------------------------------------------------------------------------------------------------------------------------------------------------------

HEADER
25 02 06 00

METADATA                                    # COORDINATES   COORDINATES
06 00 00 80 3f 00 00 80 3f 64 00 00 00 00   04 00           d1 00 0f 04 e0 00 0d 04 e2 00 19 04 d5 00 1b 04
06 00 00 80 3f 00 00 80 3f 64 00 00 00 00   04 00           f8 00 ce 04 31 01 df 04 2d 01 ed 04 f7 00 dd 04
06 00 00 80 3f 00 00 80 3f 64 00 00 00 00   05 00           95 00 b0 05 b2 00 ae 05 ad 00 f3 05 a1 00 f1 05 a5 00 ce 05
06 00 00 80 3f 00 00 80 3f 64 00 00 00 00   04 00           70 00 d7 05 88 00 c9 05 8b 00 d8 05 79 00 e1 05
06 00 00 80 3f 00 00 80 3f 64 00 00 00 00   04 00           40 00 04 06 67 00 ea 05 67 00 00 06 48 00 16 06
06 00 00 80 3f 00 00 80 3f 64 00 00 00 00   04 00           eb 00 44 06 04 01 47 06 02 01 5d 06 ea 00 59 06


SECTION 3----------------------------------------------------------------------------------------------------------------------------------------------------------------------------------------------------------------------------------------------------------------------------------------------------------------------------------------------------------------------------------------------------------------------------------------------------------------------------------------------------------------------------------------------------------------------------------------------------------------------------------------------------------------------------------------------------------------------------------------------------------------------------------------------------------------------------------------------------------------------------------------------------------------------------------------------------------------------------------------------------------------------------------------

HEADER
2d 02 02 00

METADATA                                    # COORDINATES   COORDINATES
06 00 00 80 3f 00 00 80 3f 64 00 00 00 00   04 00           de 00 d5 03 f1 00 d4 03 ea 00 e5 03 df 00 e7 03
06 00 00 80 3f 00 00 80 3f 64 00 00 00 00   04 00           e2 00 0b 04 f4 00 09 04 f4 00 15 04 e5 00 18 04


SECTION 4----------------------------------------------------------------------------------------------------------------------------------------------------------------------------------------------------------------------------------------------------------------------------------------------------------------------------------------------------------------------------------------------------------------------------------------------------------------------------------------------------------------------------------------------------------------------------------------------------------------------------------------------------------------------------------------------------------------------------------------------------------------------------------------------------------------------------------------------------------------------------------------------------------------------------------------------------------------------------------------------------------------------------------------

HEADER
ff ff 1b 00

METADATA                                    # COORDINATES   COORDINATES
06 00 00 80 3f 00 00 80 3f 64 00 00 00 00   04 00           66 02 05 00 81 02 06 00 7c 02 14 00 6a 02 16 00
06 00 00 80 3f 00 00 80 3f 64 00 00 00 00   04 00           2f 02 1e 00 42 02 20 00 38 02 38 00 2b 02 39 00
06 00 00 80 3f 00 00 80 3f 64 00 00 00 00   04 00           9d 02 48 00 bc 02 49 00 b3 02 59 00 a7 02 5b 00
06 00 00 80 3f 00 00 80 3f 64 00 00 00 00   04 00           3e 02 77 00 51 02 79 00 59 02 91 00 40 02 89 00
06 00 00 80 3f 00 00 80 3f 64 00 00 00 00   04 00           e2 02 21 00 f8 02 20 00 f2 02 2d 00 e5 02 2f 00
06 00 00 80 3f 00 00 80 3f 64 00 00 00 00   04 00           8e 02 64 02 a4 02 66 02 9f 02 78 02 8c 02 78 02
06 00 00 80 3f 00 00 80 3f 64 00 00 00 00   04 00           dc 02 43 02 fe 02 44 02 f3 02 55 02 e0 02 55 02
06 00 00 80 3f 00 00 80 3f 64 00 00 00 00   03 00           d4 03 70 04 03 04 77 04 e7 03 83 04
06 00 00 80 3f 00 00 80 3f 64 00 00 00 00   04 00           98 03 d4 04 ad 03 d2 04 aa 03 df 04 9d 03 e1 04
06 00 00 80 3f 00 00 80 3f 64 00 00 00 00   04 00           ae 03 e0 04 bd 03 e1 04 bc 03 ec 04 b0 03 ec 04
06 00 00 80 3f 00 00 80 3f 64 00 00 00 00   04 00           8b 03 08 05 ac 03 05 05 a9 03 1b 05 90 03 1d 05
06 00 00 80 3f 00 00 80 3f 64 00 00 00 00   04 00           75 02 27 05 8a 02 26 05 84 02 37 05 79 02 39 05
06 00 00 80 3f 00 00 80 3f 64 00 00 00 00   04 00           39 02 1b 06 54 02 1a 06 4d 02 2e 06 3d 02 2f 06
06 00 00 80 3f 00 00 80 3f 64 00 00 00 00   04 00           57 02 34 06 6c 02 33 06 6d 02 43 06 59 02 44 06
06 00 00 80 3f 00 00 80 3f 64 00 00 00 00   04 00           d0 02 db 07 e5 02 da 07 f6 02 f8 07 e7 02 fc 07
06 00 00 80 3f 00 00 80 3f 64 00 00 00 00   04 00           3e 03 e4 07 58 03 e5 07 53 03 f9 07 43 03 fa 07
06 00 00 80 3f 00 00 80 3f 64 00 00 00 00   04 00           34 03 28 08 4b 03 27 08 46 03 35 08 3b 03 35 08
06 00 00 80 3f 00 00 80 3f 64 00 00 00 00   04 00           68 02 4d 08 83 02 4c 08 7e 02 61 08 6b 02 61 08
06 00 00 80 3f 00 00 80 3f 64 00 00 00 00   04 00           03 02 77 08 20 02 77 08 1c 02 87 08 07 02 88 08
06 00 00 80 3f 00 00 80 3f 64 00 00 00 00   04 00           8e 01 93 08 a9 01 94 08 a7 01 a5 08 90 01 a5 08
06 00 00 80 3f 00 00 80 3f 64 00 00 00 00   04 00           54 01 0a 09 6d 01 0c 09 67 01 1d 09 54 01 1d 09
06 00 00 80 3f 00 00 80 3f 64 00 00 00 00   04 00           fa 01 e5 08 11 02 e5 08 0f 02 f5 08 fd 01 f5 08
06 00 00 80 3f 00 00 80 3f 64 00 00 00 00   04 00           c7 01 1d 09 e5 01 1a 09 e2 01 33 09 c9 01 34 09
06 00 00 80 3f 00 00 80 3f 64 00 00 00 00   04 00           d0 01 fa 08 e4 01 fa 08 e0 01 08 09 d1 01 08 09
06 00 00 80 3f 00 00 80 3f 64 00 00 00 00   04 00           c4 02 10 09 d5 02 10 09 d4 02 1f 09 c7 02 20 09
06 00 00 80 3f 00 00 80 3f 64 00 00 00 00   04 00           31 03 24 09 42 03 24 09 43 03 34 09 31 03 34 09
06 00 00 80 3f 00 00 80 3f 64 00 00 00 00   04 00           ba 02 f8 04 cd 02 f4 04 d2 02 01 05 c1 02 06 05


SECTION 5----------------------------------------------------------------------------------------------------------------------------------------------------------------------------------------------------------------------------------------------------------------------------------------------------------------------------------------------------------------------------------------------------------------------------------------------------------------------------------------------------------------------------------------------------------------------------------------------------------------------------------------------------------------------------------------------------------------------------------------------------------------------------------------------------------------------------------------------------------------------------------------------------------------------------------------------------------------------------------------------------------------------------------------

HEADER
ff ff 12 00

METADATA                                    # COORDINATES   COORDINATES
08 00 00                                    08 00           dd 01 0f 00 f3 01 3a 00 fc 01 8a 00 d7 01 a5 00 94 01 a2 00 54 01 95 00 fb 00 67 00 77 01 52 00
08 01 00                                    11 00           64 00 52 00 9b 00 5d 00 9a 00 64 00 b7 00 6d 00 cd 00 7d 00 bb 00 84 00 9e 00 87 00 08 01 c6 00 f0 00 d2 00 cb 00 cb 00 00 00 fc 00 02 00 ac 00 46 00 a4 00 c3 00 c9 00 e7 00 b7 00 9e 00 9c 00 62 00 6e 00
08 01 00                                    0d 00           b9 01 e8 01 fd 00 be 01 7f 01 f3 01 80 01 00 02 43 01 f3 01 43 01 fd 01 1c 01 f6 01 31 01 26 02 75 00 18 02 2b 00 2f 02 db 00 a4 01 29 01 c1 01 c6 01 d9 01
08 00 00                                    5e 00           29 02 7f 02 f0 02 b7 02 2e 03 7c 02 40 03 7a 02 07 03 bd 02 6a 03 d7 02 44 03 0f 03 48 03 3a 03 c3 02 43 03 b6 02 4f 03 eb 02 76 03 e4 02 94 03 77 02 82 03 99 02 e4 03 b2 02 ed 03 b0 02 f7 03 dc 02 0f 04 e0 02 1e 04 d3 02 23 04 be 02 1c 04 d7 02 30 04 5a 03 53 04 c5 03 7a 04 77 04 d4 04 73 04 dd 04 7e 04 f0 04 62 04 f5 04 f4 03 bf 04 ec 03 ca 04 13 04 e4 04 fe 03 ff 04 c5 03 f5 04 ff 03 1f 05 e5 03 43 05 9c 03 77 05 75 03 83 05 c2 03 9a 05 bc 03 a3 05 5f 03 88 05 59 03 91 05 82 03 9e 05 6d 03 ac 05 2f 03 9b 05 28 03 b0 05 c6 03 e9 05 bf 03 00 06 10 03 55 06 e3 02 ab 06 ce 02 c5 06 b7 02 d0 06 ae 02 e9 06 a2 02 e8 06 9b 02 ee 06 ac 02 fb 06 a2 02 08 07 99 02 0b 07 87 02 1c 07 e3 02 59 07 d2 02 79 07 86 02 6f 07 db 02 d5 07 08 03 e4 07 04 03 0e 08 ca 02 1a 08 7b 02 15 08 83 02 23 08 ab 02 34 08 ab 02 41 08 7d 02 3e 08 3f 03 81 08 48 03 cf 08 49 03 ee 08 1e 03 ef 08 ea 02 df 08 cd 02 eb 08 f4 01 a2 08 de 01 a4 08 c5 01 b7 08 b1 01 b7 08 71 01 b5 08 6f 01 a5 08 af 01 92 08 0d 02 49 08 9f 01 ba 07 a2 01 49 07 5f 02 2b 04 72 02 aa 03 51 02 7b 03 d0 01 63 03 97 01 35 03 7c 01 fc 02 2a 02 c6 02 2c 02 a0 02 1d 02 93 02
08 01 00                                    08 00           e8 01 19 02 21 02 12 02 2d 02 1d 02 7b 02 19 02 8c 02 28 02 37 02 2f 02 40 02 3b 02 fa 01 41 02
08 01 00                                    08 00           42 03 cf 01 70 03 c4 01 16 04 0c 02 0e 04 1b 02 25 04 22 02 11 04 31 02 bf 03 1e 02 58 03 f0 01
08 00 00                                    09 00           96 04 26 07 b1 04 2f 07 c8 04 42 07 e1 04 74 07 f9 04 89 07 b6 04 98 07 a9 04 c3 07 4e 04 2d 08 36 03 d3 07
08 01 00                                    05 00           f5 04 d7 06 e7 04 eb 06 cd 04 f3 06 fe 04 f6 06 fe 04 d8 06
08 00 00                                    05 00           bc 02 b4 01 db 02 d0 01 dd 02 dc 01 d4 02 e9 01 b1 02 ef 01
08 01 00                                    07 00           4b 00 00 03 ab 00 1f 03 1d 01 fc 02 44 01 1a 03 e3 00 3e 03 75 00 2e 03 3d 00 16 03
08 01 00                                    44 00           56 00 e9 03 9b 00 fd 03 d2 00 1c 04 d9 00 28 04 b7 00 4d 04 8e 00 4b 04 99 00 5d 04 bb 00 6e 04 cf 00 73 04 d1 00 7d 04 c0 00 82 04 d9 00 94 04 f6 00 b6 04 f2 00 c8 04 93 00 ac 04 8d 00 b4 04 e0 00 e1 04 e4 00 ed 04 d9 00 f2 04 8c 00 d6 04 94 00 e1 04 82 00 e7 04 66 00 e1 04 94 00 08 05 94 00 13 05 a6 00 20 05 a4 00 27 05 86 00 1d 05 a8 00 3f 05 b1 00 55 05 b3 00 63 05 a6 00 64 05 a6 00 6d 05 9c 00 6f 05 6b 00 61 05 7c 00 71 05 b7 00 86 05 ad 00 a3 05 5d 00 97 05 53 00 a2 05 86 00 c5 05 46 00 ca 05 00 00 d6 05 4e 00 11 06 d8 00 54 06 39 01 94 06 34 01 af 06 1e 01 b7 06 1b 01 cf 06 01 01 e3 06 f9 00 a6 06 6d 00 8a 06 6e 00 99 06 df 00 cf 06 f7 00 af 06 01 01 e5 06 e3 00 f0 06 f2 00 06 07 e9 00 1f 07 d1 00 38 07 c0 00 3a 07 a6 00 6b 07 fb 00 93 07 01 01 a5 07 f9 00 c0 07 00 00 b6 07 00 00 d7 05 00 00 84 05
08 01 00                                    07 00           4c 04 e6 03 77 04 f7 03 95 04 0a 04 a7 04 1f 04 99 04 1f 04 73 04 1b 04 4b 04 0b 04
08 01 00                                    11 00           e1 03 01 00 e7 03 0e 00 dd 03 18 00 e6 03 25 00 f8 03 2a 00 f9 03 3b 00 f9 03 44 00 e2 03 53 00 f6 03 5c 00 01 04 6a 00 00 04 7d 00 f5 03 8f 00 ea 03 a2 00 07 04 b1 00 fb 03 c9 00 e5 03 c6 00 aa 03 00 00
08 00 00                                    06 00           d2 01 e7 00 09 02 f7 00 38 02 2d 01 2c 02 90 01 ca 01 c6 01 67 01 8f 01
08 02 00                                    04 00           41 03 8c 01 77 03 83 01 89 03 96 01 4d 03 98 01
08 02 00                                    05 00           28 02 47 03 45 02 60 03 5d 02 81 03 1f 02 72 03 f5 01 77 03
08 00 00                                    14 00           01 00 ee 06 e2 00 f0 06 f1 00 06 07 e9 00 1f 07 d3 00 39 07 bf 00 3a 07 a7 00 69 07 fc 00 93 07 00 01 a4 07 fa 00 c0 07 41 01 88 08 34 01 9b 08 26 01 bd 08 79 01 d7 08 8b 01 e4 08 7d 01 f2 08 63 01 f4 08 20 01 22 09 6c 01 3e 09 00 00 3e 09
08 01 00                                    07 00           63 04 c9 04 78 04 d4 04 71 04 da 04 7b 04 ee 04 76 04 f4 04 4e 04 ef 04 32 04 e2 04
